1.56 0 -2.53 985F3D 0.8
0.7599999 0 -1.73 985F3D 0.8
0.7599999 0 -0.9300003 985F3D 0.8
-0.0400002 0 -0.1300001 985F3D 0.8
-0.8400002 0 0.6699996 985F3D 0.8
-1.64 0 1.47 985F3D 0.8
-1.64 0 2.27 985F3D 0.8
-2.44 0 3.07 985F3D 0.8
-3.24 0 3.87 985F3D 0.8
-4.04 0 4.67 985F3D 0.8
-4.04 0 5.47 985F3D 0.8
-4.84 0 6.27 985F3D 0.8
-5.64 0 7.07 985F3D 0.8
-6.440001 0 7.87 985F3D 0.8
4.76 0 8.67 985F3D 0.8
1.56 0.8 -4.130001 C08055 0.8
1.56 0.8 -3.33 C08055 0.8
0.7599999 0.8 -2.53 C08055 0.8
-0.0400002 0.8 -1.73 C08055 0.8
-0.8400002 0.8 -0.9300003 C08055 0.8
-0.8400002 0.8 -0.1300001 C08055 0.8
-1.64 0.8 0.6699996 C08055 0.8
-2.44 0.8 1.47 C08055 0.8
-3.24 0.8 2.27 C08055 0.8
-4.04 0.8 3.07 C08055 0.8
-4.04 0.8 3.87 C08055 0.8
-4.84 0.8 4.67 C08055 0.8
-5.64 0.8 5.47 C08055 0.8
-6.440001 0.8 6.27 C08055 0.8
-6.440001 0.8 7.07 C08055 0.8
-7.240001 0.8 7.87 C08055 0.8
-7.240001 0.8 8.67 C08055 0.8
3.16 0.8 9.469999 C08055 0.8
1.56 1.6 -4.130001 FCDBC0 0.8
0.7599999 1.6 -3.33 FCDBC0 0.8
0.7599999 1.6 -2.53 FCDBC0 0.8
-0.0400002 1.6 -1.73 FCDBC0 0.8
-0.8400002 1.6 -0.9300003 FCDBC0 0.8
-1.64 1.6 -0.1300001 FCDBC0 0.8
-1.64 1.6 0.6699996 FCDBC0 0.8
-2.44 1.6 1.47 FCDBC0 0.8
-3.24 1.6 2.27 FCDBC0 0.8
-4.04 1.6 3.07 FCDBC0 0.8
-4.04 1.6 3.87 FCDBC0 0.8
-4.84 1.6 4.67 FCDBC0 0.8
-5.64 1.6 5.47 FCDBC0 0.8
-6.440001 1.6 6.27 FCDBC0 0.8
-6.440001 1.6 7.07 FCDBC0 0.8
-7.240001 1.6 7.87 FCDBC0 0.8
-8.040001 1.6 8.67 F7DBBD 0.8
2.36 1.6 9.469999 FCDBC0 0.8
1.56 2.4 -4.130001 CE8E63 0.8
0.7599999 2.4 -3.33 CE8E63 0.8
0.7599999 2.4 -2.53 C68A63 0.8
-0.0400002 2.4 -1.73 CE8E63 0.8
-0.8400002 2.4 -0.9300003 C38357 0.8
-1.64 2.4 -0.1300001 C6865A 0.8
-1.64 2.4 0.6699996 C68A63 0.8
-2.44 2.4 1.47 CE8E63 0.8
-3.24 2.4 2.27 C08055 0.8
-4.04 2.4 3.07 C38057 0.8
-4.04 2.4 3.87 C08055 0.8
-4.84 2.4 4.67 C6865A 0.8
-5.64 2.4 5.47 C6865A 0.8
-6.440001 2.4 6.27 CE8A63 0.8
-6.440001 2.4 7.07 CE9263 0.8
-7.240001 2.4 7.87 CE926B 0.8
-8.040001 2.4 8.67 BD8252 0.8
2.36 2.4 9.469999 BD8052 0.8
1.56 3.2 -4.130001 C08055 0.8
0.7599999 3.2 -3.33 C08055 0.8
0.7599999 3.2 -2.53 C08055 0.8
-0.0400002 3.2 -1.73 C08055 0.8
-0.8400002 3.2 -0.9300003 C08055 0.8
-1.64 3.2 -0.1300001 C08055 0.8
-1.64 3.2 0.6699996 C08055 0.8
-2.44 3.2 1.47 C08055 0.8
-3.24 3.2 2.27 C08055 0.8
-4.04 3.2 3.07 C08055 0.8
-4.04 3.2 3.87 C08055 0.8
-4.84 3.2 4.67 C08055 0.8
-5.64 3.2 5.47 C08055 0.8
-6.440001 3.2 6.27 BD8052 0.8
-6.440001 3.2 7.07 C08055 0.8
-7.240001 3.2 7.87 C08055 0.8
-8.040001 3.2 8.67 C6865A 0.8
2.36 3.2 9.469999 C08055 0.8
1.56 4 -4.130001 BD8052 0.8
0.7599999 4 -3.33 C08055 0.8
0.7599999 4 -2.53 C08055 0.8
-0.0400002 4 -1.73 C08055 0.8
-0.8400002 4 -0.9300003 C08055 0.8
-1.64 4 -0.1300001 C08055 0.8
-1.64 4 0.6699996 C08055 0.8
-2.44 4 1.47 BD8052 0.8
-3.24 4 2.27 C08055 0.8
-4.04 4 3.07 C08055 0.8
-4.04 4 3.87 C08055 0.8
-4.84 4 4.67 C08055 0.8
-5.64 4 5.47 C08055 0.8
-6.440001 4 6.27 C08055 0.8
-6.440001 4 7.07 C08055 0.8
-7.240001 4 7.87 C08055 0.8
-8.040001 4 8.67 CE8A63 0.8
2.36 4 9.469999 C08055 0.8
1.56 4.8 -4.130001 C08055 0.8
0.7599999 4.8 -3.33 C08055 0.8
0.7599999 4.8 -2.53 C08055 0.8
-0.0400002 4.8 -1.73 BD8052 0.8
-0.8400002 4.8 -0.9300003 C08055 0.8
-1.64 4.8 -0.1300001 C08055 0.8
-1.64 4.8 0.6699996 C08055 0.8
-2.44 4.8 1.47 BD8052 0.8
-3.24 4.8 2.27 BD8052 0.8
-4.04 4.8 3.07 C08055 0.8
-4.04 4.8 3.87 C08055 0.8
-4.84 4.8 4.67 C08055 0.8
-5.64 4.8 5.47 C08055 0.8
-6.440001 4.8 6.27 C08055 0.8
-6.440001 4.8 7.07 C08055 0.8
-7.240001 4.8 7.87 BD8052 0.8
-8.040001 4.8 8.67 C8885D 0.8
2.36 4.8 9.469999 C08055 0.8
1.56 5.6 -4.130001 C08055 0.8
0.7599999 5.6 -3.33 8C5129 0.8
0.7599999 5.6 -2.53 5A3112 0.8
-0.0400002 5.6 -1.73 C08055 0.8
-0.8400002 5.6 -0.9300003 5A3010 0.8
-1.64 5.6 -0.1300001 5A3112 0.8
-1.64 5.6 0.6699996 C08055 0.8
-2.44 5.6 1.47 5A3112 0.8
-3.24 5.6 2.27 5D3110 0.8
-4.04 5.6 3.07 C08055 0.8
-4.04 5.6 3.87 5A3112 0.8
-4.84 5.6 4.67 B27349 0.8
-5.64 5.6 5.47 C08055 0.8
-6.440001 5.6 6.27 5A3112 0.8
-6.440001 5.6 7.07 C08055 0.8
-7.240001 5.6 7.87 BD7D52 0.8
-8.040001 5.6 8.67 5A3112 0.8
2.36 5.6 9.469999 5A3112 0.8
1.56 6.4 -4.130001 522D10 0.8
0.7599999 6.4 -3.33 522D10 0.8
0.7599999 6.4 -2.53 522D10 0.8
-0.0400002 6.4 -1.73 522D10 0.8
-0.8400002 6.4 -0.9300003 522D10 0.8
-1.64 6.4 -0.1300001 522D10 0.8
-1.64 6.4 0.6699996 522D10 0.8
-2.44 6.4 1.47 522D10 0.8
-3.24 6.4 2.27 522D10 0.8
-4.04 6.4 3.07 522D10 0.8
-4.04 6.4 3.87 522D10 0.8
-4.84 6.4 4.67 522D10 0.8
-5.64 6.4 5.47 522D10 0.8
-6.440001 6.4 6.27 522D10 0.8
-6.440001 6.4 7.07 522D10 0.8
-7.240001 6.4 7.87 522D10 0.8
-8.040001 6.4 8.67 522D10 0.8
2.36 6.4 9.469999 522D10 0.8
1.56 7.2 -4.130001 FCDBC0 0.8
0.7599999 7.2 -3.33 FCDBC0 0.8
0.7599999 7.2 -2.53 FCDBC0 0.8
-0.0400002 7.2 -1.73 FCDBC0 0.8
-0.8400002 7.2 -0.9300003 FCDBC0 0.8
-1.64 7.2 -0.1300001 FCDBC0 0.8
-1.64 7.2 0.6699996 FCDBC0 0.8
-2.44 7.2 1.47 FCDBC0 0.8
-3.24 7.2 2.27 FCDBC0 0.8
-4.04 7.2 3.07 FCDBC0 0.8
-4.04 7.2 3.87 FCDBC0 0.8
-4.84 7.2 4.67 FCDBC0 0.8
-5.64 7.2 5.47 FCDBC0 0.8
-6.440001 7.2 6.27 FCDBC0 0.8
-6.440001 7.2 7.07 FCDBC0 0.8
-7.240001 7.2 7.87 FCDBC0 0.8
-8.040001 7.2 8.67 F7DBBD 0.8
2.36 7.2 9.469999 FCDBC0 0.8
1.56 8 -4.130001 EFE7DE 0.8
0.7599999 8 -3.33 EFE7DE 0.8
0.7599999 8 -2.53 EFE7DE 0.8
-0.0400002 8 -1.73 EFE7DE 0.8
-0.8400002 8 -0.9300003 EFE7DE 0.8
-1.64 8 -0.1300001 EFE7DE 0.8
-1.64 8 0.6699996 EFE7DE 0.8
-2.44 8 1.47 EFE7DE 0.8
-3.24 8 2.27 EFE7DE 0.8
-4.04 8 3.07 EFE7DE 0.8
-4.04 8 3.87 EFE7DE 0.8
-4.84 8 4.67 EFE7DE 0.8
-5.64 8 5.47 EFE7DE 0.8
-6.440001 8 6.27 EFE7DE 0.8
-6.440001 8 7.07 EFE7DE 0.8
-7.240001 8 7.87 EFE7DE 0.8
-8.040001 8 8.67 FFFFFF 0.8
2.36 8 9.469999 EFE7DE 0.8
1.56 8.8 -4.130001 C08055 0.8
0.7599999 8.8 -3.33 C08055 0.8
0.7599999 8.8 -2.53 C08055 0.8
-0.0400002 8.8 -1.73 C08055 0.8
-0.8400002 8.8 -0.9300003 C08055 0.8
-1.64 8.8 -0.1300001 C08055 0.8
-1.64 8.8 0.6699996 C08055 0.8
-2.44 8.8 1.47 C08055 0.8
-3.24 8.8 2.27 C08055 0.8
-4.04 8.8 3.07 BD8052 0.8
-4.04 8.8 3.87 C08055 0.8
-4.84 8.8 4.67 C08055 0.8
-5.64 8.8 5.47 C08055 0.8
-6.440001 8.8 6.27 C08055 0.8
-6.440001 8.8 7.07 C08055 0.8
-7.240001 8.8 7.87 C08055 0.8
-8.040001 8.8 8.67 CB8B5F 0.8
2.36 8.8 9.469999 C08055 0.8
1.56 9.6 -4.130001 C08055 0.8
0.7599999 9.6 -3.33 C08055 0.8
0.7599999 9.6 -2.53 C08055 0.8
-0.0400002 9.6 -1.73 AF6C41 0.8
-0.8400002 9.6 -0.9300003 C08055 0.8
-1.64 9.6 -0.1300001 C08055 0.8
-1.64 9.6 0.6699996 C08055 0.8
-2.44 9.6 1.47 C08055 0.8
-3.24 9.6 2.27 C08055 0.8
-4.04 9.6 3.07 C08055 0.8
-4.04 9.6 3.87 C08055 0.8
-4.84 9.6 4.67 C08055 0.8
-5.64 9.6 5.47 C08055 0.8
-6.440001 9.6 6.27 C08055 0.8
-6.440001 9.6 7.07 C08055 0.8
-7.240001 9.6 7.87 C08055 0.8
-8.040001 9.6 8.67 C6865A 0.8
2.36 9.6 9.469999 C08055 0.8
1.56 10.4 -4.130001 C08055 0.8
0.7599999 10.4 -3.33 C08055 0.8
0.7599999 10.4 -2.53 C08055 0.8
-0.0400002 10.4 -1.73 BD7E52 0.8
-0.8400002 10.4 -0.9300003 C08055 0.8
-1.64 10.4 -0.1300001 C08055 0.8
-1.64 10.4 0.6699996 C08055 0.8
-2.44 10.4 1.47 C08055 0.8
-3.24 10.4 2.27 C08055 0.8
-4.04 10.4 3.07 BD8052 0.8
-4.04 10.4 3.87 C08055 0.8
-4.84 10.4 4.67 C08055 0.8
-5.64 10.4 5.47 C08055 0.8
-6.440001 10.4 6.27 C08055 0.8
-6.440001 10.4 7.07 AF6C41 0.8
-7.240001 10.4 7.87 C08055 0.8
-8.040001 10.4 8.67 C88A5F 0.8
2.36 10.4 9.469999 BD8052 0.8
1.56 11.2 -4.130001 BD8052 0.8
0.7599999 11.2 -3.33 C08055 0.8
0.7599999 11.2 -2.53 C08055 0.8
-0.0400002 11.2 -1.73 BD7D52 0.8
-0.8400002 11.2 -0.9300003 C08055 0.8
-1.64 11.2 -0.1300001 C08055 0.8
-1.64 11.2 0.6699996 C08055 0.8
-2.44 11.2 1.47 C08055 0.8
-3.24 11.2 2.27 BD8052 0.8
-4.04 11.2 3.07 C08055 0.8
-4.04 11.2 3.87 BD8052 0.8
-4.84 11.2 4.67 C08055 0.8
-5.64 11.2 5.47 C08055 0.8
-6.440001 11.2 6.27 BD8052 0.8
-6.440001 11.2 7.07 C08055 0.8
-7.240001 11.2 7.87 BD8052 0.8
-8.040001 11.2 8.67 BD8052 0.8
2.36 11.2 9.469999 C07F54 0.8
1.56 12 -4.130001 C07F54 0.8
0.7599999 12 -3.33 522C10 0.8
0.7599999 12 -2.53 572E10 0.8
-0.0400002 12 -1.73 C08055 0.8
-0.8400002 12 -0.9300003 573010 0.8
-1.64 12 -0.1300001 572E10 0.8
-1.64 12 0.6699996 C08055 0.8
-2.44 12 1.47 5A3012 0.8
-3.24 12 2.27 583012 0.8
-4.04 12 3.07 C08055 0.8
-4.04 12 3.87 572E10 0.8
-4.84 12 4.67 522C10 0.8
-5.64 12 5.47 C07F57 0.8
-6.440001 12 6.27 572E10 0.8
-6.440001 12 7.07 AC6E44 0.8
-7.240001 12 7.87 8C4F2B 0.8
-8.040001 12 8.67 572E10 0.8
2.36 12 9.469999 572E10 0.8
1.56 12.8 -4.130001 522C10 0.8
1.56 12.8 -3.33 4F2A10 0.8
0.7599999 12.8 -2.53 4F2A10 0.8
-0.0400002 12.8 -1.73 522810 0.8
-0.8400002 12.8 -0.9300003 522A10 0.8
-0.8400002 12.8 -0.1300001 4F2810 0.8
-1.64 12.8 0.6699996 4F2B10 0.8
-2.44 12.8 1.47 522A10 0.8
-3.24 12.8 2.27 4F2B10 0.8
-3.24 12.8 3.07 522A10 0.8
-4.04 12.8 3.87 4F2B10 0.8
-4.84 12.8 4.67 522A10 0.8
-5.64 12.8 5.47 522A10 0.8
-6.440001 12.8 6.27 4F2B10 0.8
-6.440001 12.8 7.07 522C10 0.8
-7.240001 12.8 7.87 522A10 0.8
-7.240001 12.8 8.67 522C10 0.8
3.16 12.8 9.469999 522A10 0.8
-0.0400002 13.6 3.87 840808 0.8
-0.0400002 13.6 4.67 830808 0.8
-0.0400002 13.6 5.47 830808 0.8
-0.0400002 14.4 3.07 8E090A 0.8
-0.8400002 14.4 3.87 8E0908 0.8
-0.8400002 14.4 4.67 8E0908 0.8
-0.8400002 14.4 5.47 8C0908 0.8
-0.0400002 14.4 6.27 890808 0.8
-0.0400002 15.2 3.07 A51415 0.8
-0.8400002 15.2 3.87 A51415 0.8
-0.8400002 15.2 4.67 A51618 0.8
-0.8400002 15.2 5.47 AD1A18 0.8
-0.0400002 15.2 6.27 B52021 0.8
-0.0400002 16 3.87 B51D1D 0.8
-0.0400002 16 4.67 B72021 0.8
-0.0400002 16 5.47 C83031 0.8
0.7599999 16.8 4.67 8E930A 0.8
0.7599999 17.6 4.67 8C9310 0.8
-7.240001 1.6 8.67 FCDBC0 0.8
-7.240001 2.4 8.67 C88B62 0.8
-7.240001 3.2 8.67 C08055 0.8
-7.240001 4 8.67 C08055 0.8
-7.240001 4.8 8.67 C08055 0.8
-7.240001 5.6 8.67 5A3112 0.8
-7.240001 6.4 8.67 522D10 0.8
-7.240001 7.2 8.67 FCDBC0 0.8
-7.240001 8 8.67 EFE7DE 0.8
-7.240001 8.8 8.67 C08055 0.8
-7.240001 9.6 8.67 BD8052 0.8
-7.240001 10.4 8.67 C08055 0.8
-7.240001 11.2 8.67 C08055 0.8
-7.240001 12 8.67 572E10 0.8
-6.440001 0 8.67 BD7D52 0.8
-6.440001 0.8 8.67 C08055 0.8
-6.440001 1.6 8.67 FCDBC0 0.8
-6.440001 2.4 8.67 CE8E63 0.8
-6.440001 3.2 8.67 BD7D52 0.8
-6.440001 4 8.67 C08055 0.8
-6.440001 4.8 8.67 C08055 0.8
-6.440001 5.6 8.67 C08055 0.8
-6.440001 6.4 8.67 522D10 0.8
-6.440001 7.2 8.67 FCDBC0 0.8
-6.440001 8 8.67 EFE7DE 0.8
-6.440001 8.8 8.67 C08055 0.8
-6.440001 9.6 8.67 C08055 0.8
-6.440001 10.4 8.67 C08055 0.8
-6.440001 11.2 8.67 C08055 0.8
-6.440001 12 8.67 C08055 0.8
-6.440001 12.8 8.67 4F2810 0.8
-6.440001 13.6 7.87 4F2910 0.8
-6.440001 13.6 8.67 572E10 0.8
-5.64 0 6.27 985F3D 0.8
-5.64 0 7.87 985F3D 0.8
-5.64 0 8.67 945D39 0.8
-5.64 0.8 8.67 C08055 0.8
-5.64 1.6 8.67 FCDBC0 0.8
-5.64 2.4 8.67 C68A63 0.8
-5.64 3.2 8.67 C08055 0.8
-5.64 4 8.67 C08055 0.8
-5.64 4.8 8.67 C08055 0.8
-5.64 5.6 8.67 522C10 0.8
-5.64 6.4 8.67 522D10 0.8
-5.64 7.2 8.67 FCDBC0 0.8
-5.64 8 8.67 EFE7DE 0.8
-5.64 8.8 8.67 C08055 0.8
-5.64 9.6 8.67 C08055 0.8
-5.64 10.4 8.67 C08055 0.8
-5.64 11.2 8.67 C08055 0.8
-5.64 12 8.67 522D10 0.8
-5.64 12.8 8.67 522C10 0.8
-5.64 13.6 6.27 522C10 0.8
-5.64 13.6 7.07 4F2B10 0.8
-5.64 13.6 7.87 542D10 0.8
-5.64 13.6 8.67 522E10 0.8
-4.84 0 5.47 985F3D 0.8
-4.84 0 7.07 985F3D 0.8
-4.84 0 7.87 985F3D 0.8
-4.84 0 8.67 985F3D 0.8
-4.84 0.8 8.67 C08055 0.8
-4.84 1.6 8.67 FCDBC0 0.8
-4.84 2.4 8.67 C68A63 0.8
-4.84 3.2 8.67 C08055 0.8
-4.84 4 8.67 C08055 0.8
-4.84 4.8 8.67 C08055 0.8
-4.84 5.6 8.67 5A3112 0.8
-4.84 6.4 8.67 522D10 0.8
-4.84 7.2 8.67 FCDBC0 0.8
-4.84 8 8.67 EFE7DE 0.8
-4.84 8.8 8.67 C08055 0.8
-4.84 9.6 8.67 C08055 0.8
-4.84 10.4 8.67 C08055 0.8
-4.84 11.2 8.67 C08055 0.8
-4.84 12 8.67 572E10 0.8
-4.84 12.8 8.67 4F2A0D 0.8
-4.84 13.6 5.47 522910 0.8
-4.84 13.6 6.27 522C10 0.8
-4.84 13.6 7.07 542D10 0.8
-4.84 13.6 7.87 552E10 0.8
-4.84 13.6 8.67 542D10 0.8
-4.04 0 6.27 985F3D 0.8
-4.04 0 7.07 985F3D 0.8
-4.04 0 7.87 985F3D 0.8
-4.04 0 8.67 985F3D 0.8
-4.04 0.8 8.67 C08055 0.8
-4.04 1.6 8.67 FCDBC0 0.8
-4.04 2.4 8.67 CE8E63 0.8
-4.04 3.2 8.67 C08055 0.8
-4.04 4 8.67 C08055 0.8
-4.04 4.8 8.67 C08055 0.8
-4.04 5.6 8.67 C08055 0.8
-4.04 6.4 8.67 522D10 0.8
-4.04 7.2 8.67 FCDBC0 0.8
-4.04 8 8.67 EFE7DE 0.8
-4.04 8.8 8.67 C08055 0.8
-4.04 9.6 8.67 AF6C41 0.8
-4.04 10.4 8.67 C08055 0.8
-4.04 11.2 8.67 C08055 0.8
-4.04 12 8.67 BD8052 0.8
-4.04 12.8 8.67 4F2A0D 0.8
-4.04 13.6 4.67 4F2C10 0.8
-4.04 13.6 5.47 522D10 0.8
-4.04 13.6 6.27 542D10 0.8
-4.04 13.6 7.07 542E10 0.8
-4.04 13.6 7.87 542C10 0.8
-4.04 13.6 8.67 522D10 0.8
-3.24 0 3.07 975D3E 0.8
-3.24 0 4.67 985F3D 0.8
-3.24 0 5.47 985F3D 0.8
-3.24 0 6.27 985F3D 0.8
-3.24 0 7.07 985F3D 0.8
-3.24 0 7.87 985F3D 0.8
-3.24 0 8.67 985F3D 0.8
-3.24 0.8 8.67 C08055 0.8
-3.24 1.6 8.67 FCDBC0 0.8
-3.24 2.4 8.67 C38357 0.8
-3.24 3.2 8.67 C08055 0.8
-3.24 4 8.67 C08055 0.8
-3.24 4.8 8.67 C08055 0.8
-3.24 5.6 8.67 BD7D52 0.8
-3.24 6.4 8.67 522D10 0.8
-3.24 7.2 8.67 FCDBC0 0.8
-3.24 8 8.67 EFE7DE 0.8
-3.24 8.8 8.67 C08055 0.8
-3.24 9.6 8.67 C08055 0.8
-3.24 10.4 8.67 C08055 0.8
-3.24 11.2 8.67 C08055 0.8
-3.24 12 8.67 7B4320 0.8
-3.24 12.8 8.67 4F2A0D 0.8
-3.24 13.6 3.07 542D10 0.8
-3.24 13.6 3.87 522C10 0.8
-3.24 13.6 4.67 542D10 0.8
-3.24 13.6 5.47 552E10 0.8
-3.24 13.6 6.27 552E10 0.8
-3.24 13.6 7.07 552E10 0.8
-3.24 13.6 7.87 522E10 0.8
-3.24 13.6 8.67 522C10 0.8
-2.44 0 2.27 985F3D 0.8
-2.44 0 3.87 985F3D 0.8
-2.44 0 4.67 985F3D 0.8
-2.44 0 5.47 985F3D 0.8
-2.44 0 6.27 985F3D 0.8
-2.44 0 7.07 985F3D 0.8
-2.44 0 7.87 985F3D 0.8
-2.44 0 8.67 985F3D 0.8
-2.44 0.8 8.67 C08055 0.8
-2.44 1.6 8.67 FCDBC0 0.8
-2.44 2.4 8.67 C6865A 0.8
-2.44 3.2 8.67 C08055 0.8
-2.44 4 8.67 C08055 0.8
-2.44 4.8 8.67 C08055 0.8
-2.44 5.6 8.67 5A3112 0.8
-2.44 6.4 8.67 522D10 0.8
-2.44 7.2 8.67 FCDBC0 0.8
-2.44 8 8.67 EFE7DE 0.8
-2.44 8.8 8.67 C08055 0.8
-2.44 9.6 8.67 C08055 0.8
-2.44 10.4 8.67 C08055 0.8
-2.44 11.2 8.67 BD8052 0.8
-2.44 12 8.67 572E10 0.8
-2.44 12.8 8.67 4F2A0D 0.8
-2.44 13.6 2.27 4F2A10 0.8
-2.44 13.6 3.07 522D10 0.8
-2.44 13.6 3.87 542D10 0.8
-2.44 13.6 4.67 542E10 0.8
-2.44 13.6 5.47 522D10 0.8
-2.44 13.6 6.27 572F12 0.8
-2.44 13.6 7.07 522D10 0.8
-2.44 13.6 7.87 562C10 0.8
-2.44 13.6 8.67 522D10 0.8
-1.64 0 3.07 985F3D 0.8
-1.64 0 3.87 985F3D 0.8
-1.64 0 4.67 985F3D 0.8
-1.64 0 5.47 985F3D 0.8
-1.64 0 6.27 985F3D 0.8
-1.64 0 7.07 985F3D 0.8
-1.64 0 7.87 985F3D 0.8
-1.64 0 8.67 985F3D 0.8
-1.64 0.8 8.67 C08055 0.8
-1.64 1.6 8.67 FCDBC0 0.8
-1.64 2.4 8.67 C68A63 0.8
-1.64 3.2 8.67 C08055 0.8
-1.64 4 8.67 BD8052 0.8
-1.64 4.8 8.67 C08055 0.8
-1.64 5.6 8.67 C08055 0.8
-1.64 6.4 8.67 522D10 0.8
-1.64 7.2 8.67 FCDBC0 0.8
-1.64 8 8.67 EFE7DE 0.8
-1.64 8.8 8.67 C08055 0.8
-1.64 9.6 8.67 C08055 0.8
-1.64 10.4 8.67 C08055 0.8
-1.64 11.2 8.67 C08055 0.8
-1.64 12 8.67 BD7D52 0.8
-1.64 12.8 8.67 522910 0.8
-1.64 13.6 1.47 522C10 0.8
-1.64 13.6 2.27 522D10 0.8
-1.64 13.6 3.07 542D10 0.8
-1.64 13.6 3.87 572F12 0.8
-1.64 13.6 4.67 573010 0.8
-1.64 13.6 5.47 5A3214 0.8
-1.64 13.6 6.27 5A3113 0.8
-1.64 13.6 7.07 552E10 0.8
-1.64 13.6 7.87 542D10 0.8
-1.64 13.6 8.67 522D10 0.8
-0.8400002 0 -0.1300001 BD7D52 0.8
-0.8400002 0 1.47 985F3D 0.8
-0.8400002 0 2.27 985F3D 0.8
-0.8400002 0 3.07 985F3D 0.8
-0.8400002 0 3.87 985F3D 0.8
-0.8400002 0 4.67 985F3D 0.8
-0.8400002 0 5.47 985F3D 0.8
-0.8400002 0 6.27 985F3D 0.8
-0.8400002 0 7.07 985F3D 0.8
-0.8400002 0 7.87 985F3D 0.8
-0.8400002 0 8.67 985F3D 0.8
-0.8400002 0.8 8.67 C08055 0.8
-0.8400002 1.6 8.67 FCDBC0 0.8
-0.8400002 2.4 8.67 CE8A63 0.8
-0.8400002 3.2 8.67 C08055 0.8
-0.8400002 4 8.67 C08055 0.8
-0.8400002 4.8 8.67 C08055 0.8
-0.8400002 5.6 8.67 C08055 0.8
-0.8400002 6.4 8.67 522D10 0.8
-0.8400002 7.2 8.67 FCDBC0 0.8
-0.8400002 8 8.67 EFE7DE 0.8
-0.8400002 8.8 8.67 C08055 0.8
-0.8400002 9.6 8.67 C08055 0.8
-0.8400002 10.4 8.67 C08055 0.8
-0.8400002 11.2 8.67 C08055 0.8
-0.8400002 12 8.67 AC6A44 0.8
-0.8400002 12.8 8.67 522A10 0.8
-0.8400002 13.6 -0.1300001 572E10 0.8
-0.8400002 13.6 0.6699996 522A10 0.8
-0.8400002 13.6 1.47 522D10 0.8
-0.8400002 13.6 2.27 552E10 0.8
-0.8400002 13.6 3.07 542C10 0.8
-0.8400002 13.6 3.87 5A3113 0.8
-0.8400002 13.6 4.67 5A3113 0.8
-0.8400002 13.6 5.47 5A3214 0.8
-0.8400002 13.6 6.27 5A3214 0.8
-0.8400002 13.6 7.07 572E10 0.8
-0.8400002 13.6 7.87 542D10 0.8
-0.8400002 13.6 8.67 522D10 0.8
-0.0400002 0 -0.9300003 985F3D 0.8
-0.0400002 0 0.6699996 985F3D 0.8
-0.0400002 0 1.47 985F3D 0.8
-0.0400002 0 2.27 985F3D 0.8
-0.0400002 0 3.07 985F3D 0.8
-0.0400002 0 3.87 985F3D 0.8
-0.0400002 0 4.67 985F3D 0.8
-0.0400002 0 5.47 985F3D 0.8
-0.0400002 0 6.27 985F3D 0.8
-0.0400002 0 7.07 985F3D 0.8
-0.0400002 0 7.87 985F3D 0.8
-0.0400002 0 8.67 985F3D 0.8
-0.0400002 0.8 8.67 C08055 0.8
-0.0400002 1.6 9.469999 FCDBC0 0.8
-0.0400002 2.4 9.469999 CE8E63 0.8
-0.0400002 3.2 9.469999 C08055 0.8
-0.0400002 4 9.469999 C08055 0.8
-0.0400002 4.8 9.469999 C08055 0.8
-0.0400002 5.6 9.469999 5A3112 0.8
-0.0400002 6.4 9.469999 522D10 0.8
-0.0400002 7.2 9.469999 FCDBC0 0.8
-0.0400002 8 9.469999 EFE7DE 0.8
-0.0400002 8.8 9.469999 BD8052 0.8
-0.0400002 9.6 9.469999 BD8052 0.8
-0.0400002 10.4 9.469999 C08055 0.8
-0.0400002 11.2 9.469999 BD8052 0.8
-0.0400002 12 9.469999 572E10 0.8
-0.0400002 12.8 8.67 522910 0.8
-0.0400002 13.6 -0.9300003 522C10 0.8
-0.0400002 13.6 -0.1300001 522C10 0.8
-0.0400002 13.6 0.6699996 542D10 0.8
-0.0400002 13.6 1.47 552E10 0.8
-0.0400002 13.6 2.27 522E10 0.8
-0.0400002 13.6 3.07 5A3113 0.8
-0.0400002 13.6 6.27 5A3113 0.8
-0.0400002 13.6 7.07 572F12 0.8
-0.0400002 13.6 7.87 542E10 0.8
-0.0400002 13.6 8.67 522D12 0.8
-0.0400002 14.4 5.47 890808 0.8
-0.0400002 15.2 5.47 B51E1E 0.8
0.7599999 0 -0.1300001 985F3D 0.8
0.7599999 0 0.6699996 985F3D 0.8
0.7599999 0 1.47 985F3D 0.8
0.7599999 0 2.27 985F3D 0.8
0.7599999 0 3.07 985F3D 0.8
0.7599999 0 3.87 985F3D 0.8
0.7599999 0 4.67 985F3D 0.8
0.7599999 0 5.47 985F3D 0.8
0.7599999 0 6.27 985F3D 0.8
0.7599999 0 7.07 985F3D 0.8
0.7599999 0 7.87 985F3D 0.8
0.7599999 0 8.67 985F3D 0.8
0.7599999 13.6 3.07 840808 0.8
0.7599999 12.8 3.87 830808 0.8
0.7599999 12.8 4.67 830808 0.8
0.7599999 12.8 5.47 830808 0.8
0.7599999 13.6 6.27 830808 0.8
0.7599999 0.8 9.469999 C08055 0.8
0.7599999 1.6 9.469999 FCDBC0 0.8
0.7599999 2.4 9.469999 C08055 0.8
0.7599999 3.2 9.469999 C08055 0.8
0.7599999 4 9.469999 C08055 0.8
0.7599999 4.8 9.469999 C08055 0.8
0.7599999 5.6 9.469999 C07F54 0.8
0.7599999 6.4 9.469999 522D10 0.8
0.7599999 7.2 9.469999 FCDBC0 0.8
0.7599999 8 9.469999 EFE7DE 0.8
0.7599999 8.8 9.469999 C08055 0.8
0.7599999 9.6 9.469999 BD8052 0.8
0.7599999 10.4 9.469999 BD8052 0.8
0.7599999 11.2 9.469999 C08055 0.8
0.7599999 12 9.469999 94572E 0.8
0.7599999 12.8 9.469999 522910 0.8
0.7599999 13.6 -1.73 522A10 0.8
0.7599999 13.6 -0.9300003 522D10 0.8
0.7599999 13.6 -0.1300001 542D10 0.8
0.7599999 13.6 0.6699996 572F12 0.8
0.7599999 13.6 1.47 572F12 0.8
0.7599999 13.6 2.27 572F12 0.8
0.7599999 13.6 3.87 522D10 0.8
0.7599999 13.6 4.67 4F2B10 0.8
0.7599999 13.6 5.47 522D10 0.8
0.7599999 13.6 7.07 573010 0.8
0.7599999 13.6 7.87 552E10 0.8
0.7599999 13.6 8.67 522D12 0.8
0.7599999 14.4 3.07 8E0908 0.8
0.7599999 14.4 6.27 8C0908 0.8
0.7599999 15.2 3.07 A51415 0.8
0.7599999 15.2 6.27 AD1C1B 0.8
0.7599999 16 3.07 B51C1C 0.8
0.7599999 16 6.27 C62D2B 0.8
0.7599999 16 3.87 B51E21 0.8
0.7599999 16.8 5.47 D03939 0.8
1.56 0 -3.33 BD7D52 0.8
1.56 0 -1.73 985F3D 0.8
1.56 0 -0.9300003 985F3D 0.8
1.56 0 -0.1300001 985F3D 0.8
1.56 0 0.6699996 985F3D 0.8
1.56 0 1.47 985F3D 0.8
1.56 0 2.27 985F3D 0.8
1.56 0 3.07 985F3D 0.8
1.56 0 3.87 985F3D 0.8
1.56 0 4.67 985F3D 0.8
1.56 0 5.47 985F3D 0.8
1.56 0 6.27 985F3D 0.8
1.56 0 7.07 985F3D 0.8
1.56 0 7.87 985F3D 0.8
1.56 0 8.67 985F3D 0.8
1.56 13.6 3.07 840808 0.8
1.56 12.8 3.87 830808 0.8
1.56 12.8 4.67 830808 0.8
1.56 12.8 5.47 830808 0.8
1.56 13.6 6.27 840808 0.8
1.56 0.8 9.469999 C08055 0.8
1.56 1.6 9.469999 FCDBC0 0.8
1.56 2.4 9.469999 C38057 0.8
1.56 3.2 9.469999 C08055 0.8
1.56 4 9.469999 C08055 0.8
1.56 4.8 9.469999 C08055 0.8
1.56 5.6 9.469999 C08055 0.8
1.56 6.4 9.469999 522D10 0.8
1.56 7.2 9.469999 FCDBC0 0.8
1.56 8 9.469999 EFE7DE 0.8
1.56 8.8 9.469999 C08055 0.8
1.56 9.6 9.469999 C08055 0.8
1.56 10.4 9.469999 C08055 0.8
1.56 11.2 9.469999 C08055 0.8
1.56 12 9.469999 BD8052 0.8
1.56 12.8 9.469999 4F2B10 0.8
1.56 13.6 -2.53 522A10 0.8
1.56 13.6 -1.73 522C10 0.8
1.56 13.6 -0.9300003 542E10 0.8
1.56 13.6 -0.1300001 552E10 0.8
1.56 13.6 0.6699996 573010 0.8
1.56 13.6 1.47 583012 0.8
1.56 13.6 2.27 5A3113 0.8
1.56 13.6 3.87 522C10 0.8
1.56 13.6 4.67 4F2B10 0.8
1.56 13.6 5.47 522B10 0.8
1.56 13.6 7.07 572F12 0.8
1.56 13.6 7.87 572F12 0.8
1.56 13.6 8.67 522D12 0.8
1.56 14.4 3.07 8C0A0A 0.8
1.56 14.4 6.27 8C0908 0.8
1.56 15.2 3.07 AA1615 0.8
1.56 15.2 6.27 A51618 0.8
1.56 16 3.07 B51E1E 0.8
1.56 16 6.27 B52020 0.8
1.56 16.8 3.87 B71E1E 0.8
1.56 16.8 4.67 9F1C1B 0.8
1.56 16.8 5.47 BD2424 0.8
2.36 0 -4.130001 985F3D 0.8
2.36 0 -3.33 985F3D 0.8
2.36 0 -2.53 985F3D 0.8
2.36 0 -1.73 985F3D 0.8
2.36 0 -0.9300003 985F3D 0.8
2.36 0 -0.1300001 985F3D 0.8
2.36 0 0.6699996 985F3D 0.8
2.36 0 1.47 985F3D 0.8
2.36 0 2.27 985F3D 0.8
2.36 0 3.07 985F3D 0.8
2.36 0 3.87 985F3D 0.8
2.36 0 4.67 985F3D 0.8
2.36 0 5.47 985F3D 0.8
2.36 0 6.27 985F3D 0.8
2.36 0 7.07 985F3D 0.8
2.36 0 7.87 985F3D 0.8
2.36 0 8.67 985F3D 0.8
2.36 0.8 9.469999 C08055 0.8
2.36 13.6 3.87 830808 0.8
2.36 13.6 4.67 830808 0.8
2.36 13.6 5.47 830808 0.8
2.36 0.8 -4.930001 C08055 0.8
2.36 1.6 -4.930001 FCDBC0 0.8
2.36 2.4 -4.930001 CE8E63 0.8
2.36 3.2 -4.930001 C08055 0.8
2.36 4 -4.930001 C08055 0.8
2.36 4.8 -4.930001 C08055 0.8
2.36 5.6 -4.930001 5A3112 0.8
2.36 6.4 -4.930001 522D10 0.8
2.36 7.2 -4.930001 FCDBC0 0.8
2.36 8 -4.930001 EFE7DE 0.8
2.36 8.8 -4.930001 C08055 0.8
2.36 9.6 -4.930001 C08055 0.8
2.36 10.4 -4.930001 C08055 0.8
2.36 11.2 -4.930001 C08055 0.8
2.36 12 -4.930001 5A3012 0.8
2.36 12.8 -4.930001 4F2B10 0.8
2.36 12.8 9.469999 522C10 0.8
2.36 13.6 -4.130001 522C10 0.8
2.36 13.6 -3.33 4F2B10 0.8
2.36 13.6 -2.53 522C10 0.8
2.36 13.6 -1.73 522D10 0.8
2.36 13.6 -0.9300003 552E10 0.8
2.36 13.6 -0.1300001 552E10 0.8
2.36 13.6 0.6699996 573010 0.8
2.36 13.6 1.47 583012 0.8
2.36 13.6 2.27 5A3113 0.8
2.36 13.6 3.07 583013 0.8
2.36 13.6 6.27 522C10 0.8
2.36 13.6 7.07 583012 0.8
2.36 13.6 7.87 572F12 0.8
2.36 13.6 8.67 522E12 0.8
2.36 14.4 3.07 870808 0.8
2.36 14.4 6.27 8E0908 0.8
2.36 15.2 3.07 AD1A1E 0.8
2.36 15.2 6.27 A51415 0.8
2.36 16 3.87 B71E1E 0.8
2.36 16 5.47 B51D1D 0.8
2.36 16 4.67 B71E1E 0.8
3.16 0 -3.33 BD7D52 0.8
3.16 0 -2.53 985F3D 0.8
3.16 0 -1.73 985F3D 0.8
3.16 0 -0.9300003 985F3D 0.8
3.16 0 -0.1300001 985F3D 0.8
3.16 0 0.6699996 985F3D 0.8
3.16 0 1.47 985F3D 0.8
3.16 0 2.27 985F3D 0.8
3.16 0 3.07 985F3D 0.8
3.16 0 3.87 985F3D 0.8
3.16 0 4.67 985F3D 0.8
3.16 0 5.47 985F3D 0.8
3.16 0 6.27 985F3D 0.8
3.16 0 7.07 985F3D 0.8
3.16 0 7.87 985F3D 0.8
3.16 0 8.67 985F3D 0.8
3.16 14.4 4.67 940E0D 0.8
3.16 0.8 -4.130001 C08055 0.8
3.16 1.6 -4.130001 FCDBC0 0.8
3.16 1.6 9.469999 FCDBC0 0.8
3.16 2.4 -4.130001 CE926B 0.8
3.16 2.4 9.469999 C6865A 0.8
3.16 3.2 -4.130001 BD8052 0.8
3.16 3.2 9.469999 C08055 0.8
3.16 4 -4.130001 C08055 0.8
3.16 4 9.469999 BD8052 0.8
3.16 4.8 -4.130001 C08055 0.8
3.16 4.8 9.469999 C08055 0.8
3.16 5.6 -4.130001 C08055 0.8
3.16 5.6 9.469999 915831 0.8
3.16 6.4 -4.130001 522D10 0.8
3.16 6.4 9.469999 522D10 0.8
3.16 7.2 -4.130001 FCDBC0 0.8
3.16 7.2 9.469999 FCDBC0 0.8
3.16 8 -4.130001 EFE7DE 0.8
3.16 8 9.469999 EFE7DE 0.8
3.16 8.8 -4.130001 C08055 0.8
3.16 8.8 9.469999 BD8052 0.8
3.16 9.6 -4.130001 C08055 0.8
3.16 9.6 9.469999 C08055 0.8
3.16 10.4 -4.130001 C08055 0.8
3.16 10.4 9.469999 C08055 0.8
3.16 11.2 -4.130001 C08055 0.8
3.16 11.2 9.469999 C08055 0.8
3.16 12 -4.130001 9C5E36 0.8
3.16 12 9.469999 542D10 0.8
3.16 12.8 -4.130001 522A10 0.8
3.16 13.6 -3.33 572E10 0.8
3.16 13.6 -2.53 522A10 0.8
3.16 13.6 -1.73 4F2B10 0.8
3.16 13.6 -0.9300003 522B10 0.8
3.16 13.6 -0.1300001 522C10 0.8
3.16 13.6 0.6699996 542D10 0.8
3.16 13.6 1.47 563010 0.8
3.16 13.6 2.27 572F12 0.8
3.16 13.6 3.07 5A3113 0.8
3.16 13.6 3.87 5A3214 0.8
3.16 13.6 4.67 572E10 0.8
3.16 13.6 5.47 5A3110 0.8
3.16 13.6 6.27 583013 0.8
3.16 13.6 7.07 583013 0.8
3.16 13.6 7.87 543010 0.8
3.16 13.6 8.67 542D10 0.8
2.36 14.4 3.87 8C0908 0.8
2.36 14.4 5.47 8E0908 0.8
2.36 15.2 3.87 A51818 0.8
3.16 15.2 4.67 990E10 0.8
2.36 15.2 5.47 A51415 0.8
3.96 0.8 -1.73 C08055 0.8
3.96 0 -0.9300003 BD7D52 0.8
3.96 0 -0.1300001 985F3D 0.8
3.96 0 0.6699996 985F3D 0.8
3.96 0 1.47 985F3D 0.8
3.96 0 2.27 985F3D 0.8
3.96 0 3.07 985F3D 0.8
3.96 0 3.87 985F3D 0.8
3.96 0 4.67 985F3D 0.8
3.96 0 5.47 985F3D 0.8
3.96 0 6.27 985F3D 0.8
3.96 0 7.07 985F3D 0.8
3.96 0 7.87 985F3D 0.8
3.96 0 8.67 985F3D 0.8
3.96 0.8 9.469999 C08055 0.8
3.16 0.8 -3.33 C08055 0.8
3.16 0.8 -2.53 C08055 0.8
3.96 1.6 -1.73 FCDBC0 0.8
3.16 1.6 -3.33 FCDBC0 0.8
3.16 1.6 -2.53 FCDBC0 0.8
3.96 1.6 9.469999 FCDBC0 0.8
3.96 2.4 -1.73 C6865A 0.8
3.16 2.4 -3.33 CE926B 0.8
3.16 2.4 -2.53 CE8E63 0.8
3.96 2.4 9.469999 C6865A 0.8
3.96 3.2 -1.73 C08055 0.8
3.16 3.2 -3.33 C08055 0.8
3.16 3.2 -2.53 C08055 0.8
3.96 3.2 9.469999 C08055 0.8
3.96 4 -1.73 C08055 0.8
3.16 4 -3.33 C08055 0.8
3.16 4 -2.53 C08055 0.8
3.96 4 9.469999 C08055 0.8
3.96 4.8 -1.73 C08055 0.8
3.16 4.8 -3.33 C08055 0.8
3.16 4.8 -2.53 C08055 0.8
3.96 4.8 9.469999 C08055 0.8
3.96 5.6 -1.73 BD7D52 0.8
3.16 5.6 -3.33 C08055 0.8
3.16 5.6 -2.53 5A3112 0.8
3.96 5.6 9.469999 BD8052 0.8
3.96 6.4 -1.73 522D10 0.8
3.16 6.4 -3.33 522D10 0.8
3.16 6.4 -2.53 522D10 0.8
3.96 6.4 9.469999 522D10 0.8
3.96 7.2 -1.73 FCDBC0 0.8
3.16 7.2 -3.33 FCDBC0 0.8
3.16 7.2 -2.53 FCDBC0 0.8
3.96 7.2 9.469999 FCDBC0 0.8
3.96 8 -1.73 EFE7DE 0.8
3.16 8 -3.33 EFE7DE 0.8
3.16 8 -2.53 EFE7DE 0.8
3.96 8 9.469999 EFE7DE 0.8
3.96 8.8 -1.73 C08055 0.8
3.16 8.8 -3.33 C08055 0.8
3.16 8.8 -2.53 C08055 0.8
3.96 8.8 9.469999 C08055 0.8
3.96 9.6 -1.73 C08055 0.8
3.16 9.6 -3.33 C08055 0.8
3.16 9.6 -2.53 C08055 0.8
3.96 9.6 9.469999 C08055 0.8
3.96 10.4 -1.73 C08055 0.8
3.16 10.4 -3.33 AD6942 0.8
3.16 10.4 -2.53 C08055 0.8
3.96 10.4 9.469999 C08055 0.8
3.96 11.2 -1.73 BD8052 0.8
3.16 11.2 -3.33 C08055 0.8
3.16 11.2 -2.53 BD8052 0.8
3.96 11.2 9.469999 C08055 0.8
3.96 12 -1.73 834B28 0.8
3.16 12 -3.33 BD7D52 0.8
3.16 12 -2.53 572E10 0.8
3.96 12 9.469999 C08055 0.8
3.96 12.8 -1.73 522A10 0.8
3.16 12.8 -3.33 522A10 0.8
3.16 12.8 -2.53 522A10 0.8
3.96 12.8 9.469999 4F2B10 0.8
3.96 13.6 -0.9300003 542D10 0.8
3.96 13.6 -0.1300001 522A10 0.8
3.96 13.6 0.6699996 4F2B10 0.8
3.96 13.6 1.47 522C10 0.8
3.96 13.6 2.27 542D10 0.8
3.96 13.6 3.07 552E10 0.8
3.96 13.6 3.87 583012 0.8
3.96 13.6 4.67 5A3113 0.8
3.96 13.6 5.47 572F12 0.8
3.96 13.6 6.27 572F12 0.8
3.96 13.6 7.07 572F12 0.8
3.96 13.6 7.87 522D10 0.8
3.96 13.6 8.67 522D10 0.8
4.76 0.8 0.6699996 C08055 0.8
4.76 0 1.47 A16741 0.8
4.76 0 2.27 985F3D 0.8
4.76 0 3.07 985F3D 0.8
4.76 0 3.87 985F3D 0.8
4.76 0 4.67 985F3D 0.8
4.76 0 5.47 985F3D 0.8
4.76 0 6.27 985F3D 0.8
4.76 0 7.07 985F3D 0.8
4.76 0 7.87 985F3D 0.8
4.76 0.8 9.469999 C08055 0.8
3.96 0.8 -0.9300003 C08055 0.8
3.96 0.8 -0.1300001 C08055 0.8
4.76 1.6 0.6699996 FCDBC0 0.8
3.96 1.6 -0.9300003 FCDBC0 0.8
3.96 1.6 -0.1300001 FCDBC0 0.8
4.76 1.6 9.469999 FCDBC0 0.8
4.76 2.4 0.6699996 C38057 0.8
3.96 2.4 -0.9300003 C6865A 0.8
3.96 2.4 -0.1300001 C38357 0.8
4.76 2.4 9.469999 C68A63 0.8
4.76 3.2 0.6699996 BD8052 0.8
3.96 3.2 -0.9300003 C08055 0.8
3.96 3.2 -0.1300001 C08055 0.8
4.76 3.2 9.469999 C08055 0.8
4.76 4 0.6699996 C08055 0.8
3.96 4 -0.9300003 C08055 0.8
3.96 4 -0.1300001 C08055 0.8
4.76 4 9.469999 C08055 0.8
4.76 4.8 0.6699996 C08055 0.8
3.96 4.8 -0.9300003 C08055 0.8
3.96 4.8 -0.1300001 C08055 0.8
4.76 4.8 9.469999 C08055 0.8
4.76 5.6 0.6699996 AC6F44 0.8
3.96 5.6 -0.9300003 C08055 0.8
3.96 5.6 -0.1300001 5A3112 0.8
4.76 5.6 9.469999 5D3212 0.8
4.76 6.4 0.6699996 522D10 0.8
3.96 6.4 -0.9300003 522D10 0.8
3.96 6.4 -0.1300001 522D10 0.8
4.76 6.4 9.469999 522D10 0.8
4.76 7.2 0.6699996 FCDBC0 0.8
3.96 7.2 -0.9300003 FCDBC0 0.8
3.96 7.2 -0.1300001 FCDBC0 0.8
4.76 7.2 9.469999 FCDBC0 0.8
4.76 8 0.6699996 EFE7DE 0.8
3.96 8 -0.9300003 EFE7DE 0.8
3.96 8 -0.1300001 EFE7DE 0.8
4.76 8 9.469999 EFE7DE 0.8
4.76 8.8 0.6699996 C08055 0.8
3.96 8.8 -0.9300003 C08055 0.8
3.96 8.8 -0.1300001 BD8052 0.8
4.76 8.8 9.469999 C08055 0.8
4.76 9.6 0.6699996 C08055 0.8
3.96 9.6 -0.9300003 C08055 0.8
3.96 9.6 -0.1300001 C08055 0.8
4.76 9.6 9.469999 C08055 0.8
4.76 10.4 0.6699996 C08055 0.8
3.96 10.4 -0.9300003 BD8052 0.8
3.96 10.4 -0.1300001 BD8052 0.8
4.76 10.4 9.469999 C08055 0.8
4.76 11.2 0.6699996 C08055 0.8
3.96 11.2 -0.9300003 C08055 0.8
3.96 11.2 -0.1300001 BD8052 0.8
4.76 11.2 9.469999 C08055 0.8
4.76 12 0.6699996 522C10 0.8
3.96 12 -0.9300003 B7774C 0.8
3.96 12 -0.1300001 572E10 0.8
4.76 12 9.469999 583012 0.8
4.76 12.8 0.6699996 522A10 0.8
3.96 12.8 -0.9300003 522C10 0.8
3.96 12.8 -0.1300001 522A10 0.8
4.76 12.8 9.469999 522910 0.8
4.76 13.6 1.47 522C10 0.8
4.76 13.6 2.27 4C2A10 0.8
4.76 13.6 3.07 522A10 0.8
4.76 13.6 3.87 522C10 0.8
4.76 13.6 4.67 552D10 0.8
4.76 13.6 5.47 572C10 0.8
4.76 13.6 6.27 572F12 0.8
4.76 13.6 7.07 572F12 0.8
4.76 13.6 7.87 552E10 0.8
4.76 13.6 8.67 542D10 0.8
5.56 0.8 3.07 C08055 0.8
5.56 0 3.87 945D39 0.8
5.56 0 4.67 985F3D 0.8
5.56 0 5.47 985F3D 0.8
5.56 0 6.27 985F3D 0.8
5.56 0 7.07 985F3D 0.8
5.56 0 7.87 985F3D 0.8
5.56 0 8.67 985F3D 0.8
5.56 0 9.469999 C08055 0.8
4.76 0.8 1.47 C08055 0.8
4.76 0.8 2.27 C08055 0.8
5.56 0.8 9.469999 C08055 0.8
5.56 1.6 2.27 FCDBC0 0.8
4.76 1.6 1.47 FCDBC0 0.8
5.56 1.6 9.469999 FCDBC0 0.8
5.56 2.4 2.27 CE8E63 0.8
4.76 2.4 1.47 C08055 0.8
5.56 2.4 9.469999 CE9263 0.8
5.56 3.2 2.27 C08055 0.8
4.76 3.2 1.47 C08055 0.8
5.56 3.2 9.469999 C08055 0.8
5.56 4 2.27 C08055 0.8
4.76 4 1.47 C08055 0.8
5.56 4 9.469999 C08055 0.8
5.56 4.8 2.27 C08055 0.8
4.76 4.8 1.47 BD8052 0.8
5.56 4.8 9.469999 C08055 0.8
5.56 5.6 2.27 7E4720 0.8
4.76 5.6 1.47 C08055 0.8
5.56 5.6 9.469999 5A3010 0.8
5.56 6.4 2.27 522D10 0.8
4.76 6.4 1.47 522D10 0.8
5.56 6.4 9.469999 522D10 0.8
5.56 7.2 2.27 FCDBC0 0.8
4.76 7.2 1.47 FCDBC0 0.8
5.56 7.2 9.469999 FCDBC0 0.8
5.56 8 2.27 EFE7DE 0.8
4.76 8 1.47 EFE7DE 0.8
5.56 8 9.469999 EFE7DE 0.8
5.56 8.8 2.27 C08055 0.8
4.76 8.8 1.47 BD8052 0.8
5.56 8.8 9.469999 C08055 0.8
5.56 9.6 2.27 C08055 0.8
4.76 9.6 1.47 BD8052 0.8
5.56 9.6 9.469999 C08055 0.8
5.56 10.4 2.27 C08055 0.8
4.76 10.4 1.47 C08055 0.8
5.56 10.4 9.469999 AF6C41 0.8
5.56 11.2 2.27 C08055 0.8
4.76 11.2 1.47 C08055 0.8
5.56 11.2 9.469999 BD8052 0.8
5.56 12 2.27 542E10 0.8
4.76 12 1.47 BD7D52 0.8
5.56 12 9.469999 573010 0.8
5.56 12.8 3.07 522A10 0.8
4.76 12.8 1.47 4F2B10 0.8
4.76 12.8 2.27 4F2A10 0.8
5.56 12.8 9.469999 522910 0.8
5.56 13.6 3.87 522C10 0.8
5.56 13.6 4.67 4F2910 0.8
5.56 13.6 5.47 522A10 0.8
5.56 13.6 6.27 522C10 0.8
5.56 13.6 7.07 572E10 0.8
5.56 13.6 7.87 572F12 0.8
5.56 13.6 8.67 542D10 0.8
6.36 0.8 5.47 C08055 0.8
6.36 0 6.27 985F3D 0.8
6.36 0 7.07 985F3D 0.8
6.36 0 7.87 985F3D 0.8
6.36 0 8.67 985F3D 0.8
6.36 0 9.469999 985F3D 0.8
5.56 0.8 3.87 C08055 0.8
6.36 0.8 4.67 C08055 0.8
6.36 0.8 9.469999 C08055 0.8
6.36 1.6 4.67 FCDBC0 0.8
5.56 1.6 3.07 FCDBC0 0.8
5.56 1.6 3.87 FCDBC0 0.8
6.36 1.6 9.469999 FCDBC0 0.8
6.36 2.4 4.67 C38357 0.8
5.56 2.4 3.07 CE8A63 0.8
5.56 2.4 3.87 C68A63 0.8
6.36 2.4 9.469999 CE926B 0.8
6.36 3.2 4.67 BD8052 0.8
5.56 3.2 3.07 C08055 0.8
5.56 3.2 3.87 C08055 0.8
6.36 3.2 9.469999 C08055 0.8
6.36 4 4.67 C08055 0.8
5.56 4 3.07 C08055 0.8
5.56 4 3.87 BD8052 0.8
6.36 4 9.469999 C08055 0.8
6.36 4.8 4.67 C08055 0.8
5.56 4.8 3.07 C08055 0.8
5.56 4.8 3.87 C08055 0.8
6.36 4.8 9.469999 C08055 0.8
6.36 5.6 4.67 5A3010 0.8
5.56 5.6 3.07 C08055 0.8
5.56 5.6 3.87 C08055 0.8
6.36 5.6 9.469999 C08055 0.8
6.36 6.4 4.67 522D10 0.8
5.56 6.4 3.07 522D10 0.8
5.56 6.4 3.87 522D10 0.8
6.36 6.4 9.469999 522D10 0.8
6.36 7.2 4.67 FCDBC0 0.8
5.56 7.2 3.07 FCDBC0 0.8
5.56 7.2 3.87 FCDBC0 0.8
6.36 7.2 9.469999 FCDBC0 0.8
6.36 8 4.67 EFE7DE 0.8
5.56 8 3.07 EFE7DE 0.8
5.56 8 3.87 EFE7DE 0.8
6.36 8 9.469999 EFE7DE 0.8
6.36 8.8 4.67 C08055 0.8
5.56 8.8 3.07 C08055 0.8
5.56 8.8 3.87 C08055 0.8
6.36 8.8 9.469999 C08055 0.8
6.36 9.6 4.67 BD8052 0.8
5.56 9.6 3.07 C08055 0.8
5.56 9.6 3.87 C08055 0.8
6.36 9.6 9.469999 C08055 0.8
6.36 10.4 4.67 C08055 0.8
5.56 10.4 3.07 C08055 0.8
5.56 10.4 3.87 C08055 0.8
6.36 10.4 9.469999 C08055 0.8
6.36 11.2 4.67 BD8052 0.8
5.56 11.2 3.07 C08055 0.8
5.56 11.2 3.87 C08055 0.8
6.36 11.2 9.469999 C08055 0.8
6.36 12 4.67 572E10 0.8
5.56 12 3.07 AC6A44 0.8
5.56 12 3.87 AC6F44 0.8
6.36 12 9.469999 C08055 0.8
6.36 12.8 5.47 522C10 0.8
5.56 12.8 3.87 522A10 0.8
5.56 12.8 4.67 522A10 0.8
6.36 12.8 9.469999 4F2B10 0.8
6.36 13.6 6.27 522C10 0.8
6.36 13.6 7.07 4C2A10 0.8
6.36 13.6 7.87 522C10 0.8
6.36 13.6 8.67 522D10 0.8
6.36 13.6 9.469999 572E10 0.8
7.16 0.8 7.87 C08055 0.8
7.16 0 8.67 985F3D 0.8
7.16 0 9.469999 BD7D52 0.8
7.16 0.8 7.07 C08055 0.8
6.36 0.8 6.27 C08055 0.8
7.16 0.8 9.469999 C08055 0.8
7.16 1.6 7.07 FCDBC0 0.8
6.36 1.6 5.47 FCDBC0 0.8
6.36 1.6 6.27 FCDBC0 0.8
7.16 1.6 9.469999 FCDBC0 0.8
7.16 2.4 7.07 C68A63 0.8
6.36 2.4 5.47 C38357 0.8
6.36 2.4 6.27 CE8E63 0.8
7.16 2.4 9.469999 CE926B 0.8
7.16 3.2 7.07 C08055 0.8
6.36 3.2 5.47 BD8052 0.8
6.36 3.2 6.27 C08055 0.8
7.16 3.2 9.469999 C08055 0.8
7.16 4 7.07 C08055 0.8
6.36 4 5.47 C08055 0.8
6.36 4 6.27 C08055 0.8
7.16 4 9.469999 C08055 0.8
7.16 4.8 7.07 C08055 0.8
6.36 4.8 5.47 C08055 0.8
6.36 4.8 6.27 C08055 0.8
7.16 4.8 9.469999 C08055 0.8
7.16 5.6 7.07 572E10 0.8
6.36 5.6 5.47 C08055 0.8
6.36 5.6 6.27 C08055 0.8
7.16 5.6 9.469999 5D3212 0.8
7.16 6.4 7.07 522D10 0.8
6.36 6.4 5.47 522D10 0.8
6.36 6.4 6.27 522D10 0.8
7.16 6.4 9.469999 522D10 0.8
7.16 7.2 7.07 FCDBC0 0.8
6.36 7.2 5.47 FCDBC0 0.8
6.36 7.2 6.27 FCDBC0 0.8
7.16 7.2 9.469999 FCDBC0 0.8
7.16 8 7.07 EFE7DE 0.8
6.36 8 5.47 EFE7DE 0.8
6.36 8 6.27 EFE7DE 0.8
7.16 8 9.469999 EFE7DE 0.8
7.16 8.8 7.07 C08055 0.8
6.36 8.8 5.47 C08055 0.8
6.36 8.8 6.27 C08055 0.8
7.16 8.8 9.469999 C08055 0.8
7.16 9.6 7.07 BD8052 0.8
6.36 9.6 5.47 C08055 0.8
6.36 9.6 6.27 AF6C41 0.8
7.16 9.6 9.469999 C08055 0.8
7.16 10.4 7.07 C08055 0.8
6.36 10.4 5.47 C08055 0.8
6.36 10.4 6.27 C08055 0.8
7.16 10.4 9.469999 C08055 0.8
7.16 11.2 7.07 C08055 0.8
6.36 11.2 5.47 C08055 0.8
6.36 11.2 6.27 C08055 0.8
7.16 11.2 9.469999 C08055 0.8
7.16 12 7.07 552E10 0.8
6.36 12 5.47 BD7D52 0.8
6.36 12 6.27 9C5E36 0.8
7.16 12 9.469999 5A3012 0.8
7.16 12.8 7.87 522A10 0.8
6.36 12.8 6.27 522A10 0.8
7.16 12.8 7.07 522A10 0.8
7.16 12.8 9.469999 522A10 0.8
7.16 13.6 8.67 4F2A10 0.8
7.16 13.6 9.469999 572E10 0.8
7.16 0.8 8.67 C08055 0.8
7.16 1.6 7.87 FCDBC0 0.8
7.16 1.6 8.67 FCDBC0 0.8
7.16 2.4 7.87 CE8E63 0.8
7.16 2.4 8.67 CE8E63 0.8
7.16 3.2 7.87 C08055 0.8
7.16 3.2 8.67 BD8052 0.8
7.16 4 7.87 C08055 0.8
7.16 4 8.67 C08055 0.8
7.16 4.8 7.87 C08055 0.8
7.16 4.8 8.67 C08055 0.8
7.16 5.6 7.87 C08055 0.8
7.16 5.6 8.67 BD8052 0.8
7.16 6.4 7.87 522D10 0.8
7.16 6.4 8.67 522D10 0.8
7.16 7.2 7.87 FCDBC0 0.8
7.16 7.2 8.67 FCDBC0 0.8
7.16 8 7.87 EFE7DE 0.8
7.16 8 8.67 EFE7DE 0.8
7.16 8.8 7.87 C08055 0.8
7.16 8.8 8.67 C08055 0.8
7.16 9.6 7.87 BD8052 0.8
7.16 9.6 8.67 C08055 0.8
7.16 10.4 7.87 C08055 0.8
7.16 10.4 8.67 C08055 0.8
7.16 11.2 7.87 C08055 0.8
7.16 11.2 8.67 C08055 0.8
7.16 12 7.87 BD7D52 0.8
7.16 12 8.67 945B2E 0.8
7.16 12.8 8.67 522A10 0.8
