7.560001 0.84 -0.03999996 E98B7D 0.84
6.720001 0.84 -0.03999996 EB8B7C 0.84
5.880001 0.84 -0.04000092 E7897B 0.84
5.040001 0.84 -0.04000092 DC7A70 0.84
4.200001 0.84 -0.04000092 E6887A 0.84
3.360001 0.84 -0.03999996 DB7E74 0.84
2.520001 0.84 -1.72 D5CDCA 0.84
1.680001 0.84 -1.72 DBD5D1 0.84
0.840001 0.84 -1.720001 D6CFCC 0.84
9.536743E-07 0.84 -1.720001 D9D2CF 0.84
-0.8399991 0.84 -1.720001 D7D0CC 0.84
-1.679999 0.84 -1.720001 D3CCC9 0.84
-2.52 0.84 -1.720001 D4CDCA 0.84
-3.36 0.84 -0.04000092 A0A3B3 0.84
-4.2 0.84 -0.04000092 A6A9B8 0.84
-5.04 0.84 -0.04000092 A6AAB9 0.84
-5.88 0.84 -0.04000092 AEB2C0 0.84
-6.72 0.84 -0.04000187 B2B6C3 0.84
-7.56 0.84 -0.04000187 B4B9C5 0.84
8.400002 1.68 -0.03999996 EB8D7E 0.84
7.560001 1.68 -0.03999996 F09281 0.84
6.720001 1.68 -0.03999996 20273E 0.84
5.880001 1.68 -0.04000092 F39482 0.84
5.040001 1.68 -0.04000092 F18C7C 0.84
4.200001 1.68 -0.04000092 20243B 0.84
3.360001 1.68 -0.03999996 20253B 0.84
2.520001 1.68 -0.8800001 C5BCBA 0.84
1.680001 1.68 -0.8800001 D6CECB 0.84
0.8400006 1.68 -0.8800011 D5CECB 0.84
4.768372E-07 1.68 -0.8800011 D4CDCA 0.84
-0.8399996 1.68 -0.8800011 D8D2CE 0.84
-1.68 1.68 -0.8800011 D4CECA 0.84
-2.52 1.68 -0.8800011 C5BEBC 0.84
-3.36 1.68 -0.04000092 20233A 0.84
-4.2 1.68 -0.04000092 20243B 0.84
-5.04 1.68 -0.04000092 B7BCCA 0.84
-5.88 1.68 -0.04000092 BBC0CC 0.84
-6.72 1.68 -0.04000187 20273E 0.84
-7.56 1.68 -0.04000187 B6BAC6 0.84
8.400002 2.52 -0.03999996 E6887B 0.84
7.560001 2.52 -0.03999996 EC8E7E 0.84
6.720001 2.52 -0.03999996 E88577 0.84
5.880001 2.52 -0.04000092 F0907F 0.84
5.040001 2.52 -0.04000092 EF8F7F 0.84
4.200001 2.52 -0.04000092 ED8B7C 0.84
3.360001 2.52 -0.03999996 E98376 0.84
2.520001 2.52 -0.04000092 C3BAB8 0.84
1.680001 2.52 -0.04000092 CCC4C2 0.84
0.8400006 2.52 -0.04000092 D1C9C6 0.84
4.768372E-07 2.52 -0.04000092 D6CFCC 0.84
-0.8399996 2.52 -0.04000092 D2CBC8 0.84
-1.68 2.52 -0.04000092 D1CAC7 0.84
-2.52 2.52 -0.04000092 C1B9B9 0.84
-3.36 2.52 -0.04000092 AEB2C0 0.84
-4.2 2.52 -0.04000092 B3B7C4 0.84
-5.04 2.52 -0.04000092 B7BCC9 0.84
-5.88 2.52 -0.04000092 B7BCC9 0.84
-6.72 2.52 -0.04000187 B6BAC7 0.84
-7.56 2.52 -0.04000187 B6BBC8 0.84
8.400002 3.36 -0.03999996 E6897B 0.84
7.560001 3.36 -0.03999996 EB8D7E 0.84
6.720001 3.36 -0.03999996 EC8E7E 0.84
5.880001 3.36 -0.04000092 EB8D7E 0.84
5.040001 3.36 -0.04000092 EF9181 0.84
4.200001 3.36 -0.04000092 EC8C7D 0.84
3.360001 3.36 -0.03999996 E48679 0.84
2.520001 3.36 -0.04000092 DB7B71 0.84
1.680001 3.36 0.7999992 D5CECB 0.84
0.8400006 3.36 0.7999992 786D77 0.84
4.768372E-07 3.36 -0.04000092 D0C9C6 0.84
-0.8399996 3.36 0.7999992 7C727B 0.84
-1.68 3.36 0.7999992 CDC5C3 0.84
-2.52 3.36 -0.04000092 9DA0AF 0.84
-3.36 3.36 -0.04000092 A7ABB9 0.84
-4.2 3.36 -0.04000092 B4B8C4 0.84
-5.04 3.36 -0.04000092 B8BDC9 0.84
-5.88 3.36 -0.04000092 B3B6C3 0.84
-6.72 3.36 -0.04000187 B6BAC6 0.84
-7.56 3.36 -0.04000187 B7BAC7 0.84
8.400002 4.2 -0.03999996 EC8E7E 0.84
7.560001 4.2 0.8000011 DFC4BB 0.84
6.720001 4.2 0.8000011 222940 0.84
5.880001 4.2 -0.04000092 EC8E7E 0.84
5.040001 4.2 -0.04000092 ED9080 0.84
4.200001 4.2 0.7999992 222940 0.84
3.360001 4.2 0.8000002 222940 0.84
2.520001 4.2 -0.04000092 EA8C7D 0.84
1.680001 4.2 0.7999992 D0C9C6 0.84
0.8400006 4.2 0.7999992 DFD9D5 0.84
4.768372E-07 4.2 -0.04000092 D4CDCA 0.84
-0.8399996 4.2 0.7999992 DDD6D2 0.84
-1.68 4.2 0.7999992 D1CAC7 0.84
-2.52 4.2 -0.04000092 B2B5C1 0.84
-3.36 4.2 0.7999992 212940 0.84
-4.2 4.2 0.7999992 20263D 0.84
-5.04 4.2 -0.04000092 B3B7C4 0.84
-5.88 4.2 -0.04000092 B4B8C5 0.84
-6.72 4.2 0.7999983 212940 0.84
-7.56 4.2 0.7999983 C0BCBF 0.84
8.400002 5.04 -0.03999996 EC8F80 0.84
7.560001 5.04 0.8000011 DDC3BB 0.84
6.720001 5.04 0.8000011 222940 0.84
5.880001 5.04 -0.04000092 EB8E7F 0.84
5.040001 5.04 -0.04000092 EB8E7E 0.84
4.200001 5.04 0.7999992 20273E 0.84
3.360001 5.04 0.8000002 212940 0.84
2.520001 5.04 -0.04000092 E88A7C 0.84
1.680001 5.04 0.7999992 20263C 0.84
0.8400006 5.04 0.7999992 20273E 0.84
4.768372E-07 5.04 -0.04000092 D2CBC8 0.84
-0.8399996 5.04 0.7999992 20263D 0.84
-1.68 5.04 0.7999992 20263D 0.84
-2.52 5.04 -0.04000092 B2B6C3 0.84
-3.36 5.04 0.7999992 212940 0.84
-4.2 5.04 0.7999992 20283F 0.84
-5.04 5.04 -0.04000092 B2B6C3 0.84
-5.88 5.04 -0.04000092 AEB1BF 0.84
-6.72 5.04 0.7999983 222A41 0.84
-7.56 5.04 0.7999983 B8B2B5 0.84
8.400002 5.88 -0.03999996 E98C7E 0.84
7.560001 5.88 0.8000011 D2BAB3 0.84
6.720001 5.88 0.8000011 222940 0.84
5.880001 5.88 -0.04000092 E5887B 0.84
5.040001 5.88 -0.04000092 E4867A 0.84
4.200001 5.88 0.7999992 20273E 0.84
3.360001 5.88 0.8000002 21283F 0.84
2.520001 5.88 -0.04000092 E5887A 0.84
1.680001 5.88 0.7999992 AFA5A6 0.84
0.8400006 5.88 0.7999992 B2A8A8 0.84
4.768372E-07 5.88 -0.04000092 CBC4C1 0.84
-0.8399996 5.88 0.7999992 B9B0B0 0.84
-1.68 5.88 0.7999992 A99FA1 0.84
-2.52 5.88 -0.04000092 AEB1BF 0.84
-3.36 5.88 0.7999992 212940 0.84
-4.2 5.88 0.7999992 20273E 0.84
-5.04 5.88 -0.04000092 B5B9C5 0.84
-5.88 5.88 -0.04000092 ACAFBD 0.84
-6.72 5.88 0.7999983 21283F 0.84
-7.56 5.88 0.7999983 C5C0C3 0.84
8.400002 6.72 -0.03999996 E78A7C 0.84
7.560001 6.72 -0.03999996 E08276 0.84
6.720001 6.72 -0.03999996 DF8377 0.84
5.880001 6.72 -0.04000092 E08377 0.84
5.040001 6.72 -0.04000092 E18377 0.84
4.200001 6.72 -0.04000092 DF8276 0.84
3.360001 6.72 -0.03999996 DF8075 0.84
2.520001 6.72 -0.04000092 DF8277 0.84
1.680001 6.72 -0.04000092 E28578 0.84
0.8400006 6.72 -0.04000092 DE7F74 0.84
4.768372E-07 6.72 -0.04000092 B5ABB7 0.84
-0.8399996 6.72 -0.04000092 ABAEBD 0.84
-1.68 6.72 -0.04000092 AAADBA 0.84
-2.52 6.72 -0.04000092 ABAEBC 0.84
-3.36 6.72 -0.04000092 A7AAB8 0.84
-4.2 6.72 -0.04000092 A8ABB9 0.84
-5.04 6.72 -0.04000092 A1A3B2 0.84
-5.88 6.72 -0.04000092 A7AAB8 0.84
-6.72 6.72 -0.04000187 ABAFBC 0.84
-7.56 6.72 -0.04000187 A9ACBA 0.84
8.400002 7.56 -0.03999996 B8AEAE 0.84
7.560001 7.56 -0.03999996 B9AFAE 0.84
6.720001 7.56 -0.03999996 B7ACAC 0.84
5.880001 7.56 -0.04000092 B3A9A9 0.84
5.040001 7.56 -0.04000092 B3A9A9 0.84
4.200001 7.56 -0.04000092 B7ADAC 0.84
3.360001 7.56 -0.03999996 B7ADAC 0.84
2.520001 7.56 -0.04000092 B4A9A9 0.84
1.680001 7.56 -0.04000092 B7ADAD 0.84
0.8400006 7.56 -0.04000092 B6ADAD 0.84
4.768372E-07 7.56 -0.04000092 B7ADAD 0.84
-0.8399996 7.56 -0.04000092 B9B0AF 0.84
-1.68 7.56 -0.04000092 B5ACAD 0.84
-2.52 7.56 -0.04000092 B4AAAB 0.84
-3.36 7.56 -0.04000092 B2A9AA 0.84
-4.2 7.56 -0.04000092 B5ACAC 0.84
-5.04 7.56 -0.04000092 B2A8A8 0.84
-5.88 7.56 -0.04000092 B6ADAD 0.84
-6.72 7.56 -0.04000187 B2A8A9 0.84
-7.56 7.56 -0.04000187 B2A9AA 0.84
-8.400002 7.56 -0.04000187 BEB6B5 0.84
8.400002 8.400001 -0.03999996 F89885 0.84
7.560001 8.400001 -0.03999996 F39281 0.84
6.720001 8.400001 -0.03999996 EF9181 0.84
5.880001 8.400001 -0.04000092 F79784 0.84
5.040001 8.400001 -0.04000092 F39281 0.84
4.200001 8.400001 -0.04000092 F69482 0.84
3.360001 8.400001 -0.03999996 EB8C7D 0.84
2.520001 8.400001 -0.04000092 F69583 0.84
1.680001 8.400001 -0.04000092 EE8F80 0.84
0.8400006 8.400001 -0.04000092 F59382 0.84
4.768372E-07 8.400001 -0.04000092 CAB4BF 0.84
-0.8399996 8.400001 -0.04000092 BBBFCC 0.84
-1.68 8.400001 -0.04000092 B6BBC8 0.84
-2.52 8.400001 -0.04000092 B6BBC7 0.84
-3.36 8.400001 -0.04000092 B7BBC8 0.84
-4.2 8.400001 -0.04000092 B7BBC8 0.84
-5.04 8.400001 -0.04000092 B7BCC9 0.84
-5.88 8.400001 -0.04000092 B6BAC7 0.84
-6.72 8.400001 -0.04000187 B5BAC6 0.84
-7.56 8.400001 -0.04000187 BABFCB 0.84
8.400002 9.240001 -0.03999996 E88B7D 0.84
7.560001 9.240001 -0.03999996 EC8E7F 0.84
6.720001 9.240001 0.8000011 D4B9B2 0.84
5.880001 9.240001 -0.04000092 A9ADBB 0.84
5.040001 9.240001 -0.04000092 EC8D7E 0.84
4.200001 9.240001 -0.04000092 EA8C7E 0.84
3.360001 9.240001 -0.03999996 EC8E7F 0.84
2.520001 9.240001 0.7999992 21283F 0.84
1.680001 9.240001 0.7999992 D2B8B2 0.84
0.8400006 9.240001 -0.04000092 ED8E7E 0.84
4.768372E-07 9.240001 -0.04000092 BDB0BB 0.84
-0.8399996 9.240001 -0.04000092 B1B5C2 0.84
-1.68 9.240001 0.7999992 C7C2C3 0.84
-2.52 9.240001 0.7999992 212940 0.84
-3.36 9.240001 -0.04000092 B7BBC7 0.84
-4.2 9.240001 -0.04000092 B0B4C1 0.84
-5.04 9.240001 -0.04000092 B4B9C6 0.84
-5.88 9.240001 -0.04000092 77738F 0.84
-6.72 9.240001 0.7999983 CAC6C8 0.84
-7.56 9.240001 -0.04000187 B8BCC8 0.84
8.400002 10.08 -0.03999996 E98C7E 0.84
7.560001 10.08 -0.03999996 EA8D7E 0.84
6.720001 10.08 0.8000011 D4BCB5 0.84
5.880001 10.08 0.7999992 21283F 0.84
5.040001 10.08 -0.04000092 E88B7D 0.84
4.200001 10.08 -0.04000092 EA8D7E 0.84
3.360001 10.08 -0.03999996 E6897B 0.84
2.520001 10.08 0.7999992 E7DCD6 0.84
1.680001 10.08 0.7999992 D5BBB5 0.84
0.8400006 10.08 -0.04000092 EC8E7F 0.84
4.768372E-07 10.08 -0.04000092 C2ADB8 0.84
-0.8399996 10.08 -0.04000092 AFB2C0 0.84
-1.68 10.08 0.7999992 C5C0C2 0.84
-2.52 10.08 0.7999992 222A41 0.84
-3.36 10.08 -0.04000092 B3B7C4 0.84
-4.2 10.08 -0.04000092 B0B4C1 0.84
-5.04 10.08 -0.04000092 B5B9C5 0.84
-5.88 10.08 0.7999992 212940 0.84
-6.72 10.08 0.7999983 C5C0C2 0.84
-7.56 10.08 -0.04000187 AFB3C0 0.84
8.400002 10.92 -0.03999996 EB8D7E 0.84
7.560001 10.92 -0.03999996 EC8E7F 0.84
6.720001 10.92 0.8000011 CCB0AA 0.84
5.880001 10.92 0.7999992 212940 0.84
5.040001 10.92 -0.04000092 E28679 0.84
4.200001 10.92 -0.04000092 E5887B 0.84
3.360001 10.92 -0.03999996 E88B7D 0.84
2.520001 10.92 0.7999992 DFD6D1 0.84
1.680001 10.92 0.7999992 D9BCB4 0.84
0.8400006 10.92 -0.04000092 E78A7C 0.84
4.768372E-07 10.92 -0.04000092 BBA3AE 0.84
-0.8399996 10.92 -0.04000092 AAAEBB 0.84
-1.68 10.92 0.7999992 C3BEBF 0.84
-2.52 10.92 0.7999992 222A41 0.84
-3.36 10.92 -0.04000092 AAADBB 0.84
-4.2 10.92 -0.04000092 A9ACBA 0.84
-5.04 10.92 -0.04000092 ABAEBC 0.84
-5.88 10.92 0.7999992 212840 0.84
-6.72 10.92 0.7999983 C1BBBD 0.84
-7.56 10.92 -0.04000187 B0B4C1 0.84
8.400002 11.76 -0.03999996 E98C7E 0.84
7.560001 11.76 -0.03999996 E28478 0.84
6.720001 11.76 -0.03999996 DE8176 0.84
5.880001 11.76 -0.04000092 E08478 0.84
5.040001 11.76 -0.04000092 DF8277 0.84
4.200001 11.76 -0.04000092 E08377 0.84
3.360001 11.76 -0.03999996 E18478 0.84
2.520001 11.76 -0.04000092 E18478 0.84
1.680001 11.76 -0.04000092 E38578 0.84
0.8400006 11.76 -0.04000092 E28579 0.84
4.768372E-07 11.76 -0.04000092 B4A4B0 0.84
-0.8399996 11.76 -0.04000092 AFB2BF 0.84
-1.68 11.76 -0.04000092 A5A8B6 0.84
-2.52 11.76 -0.04000092 ACAFBD 0.84
-3.36 11.76 -0.04000092 A7AAB8 0.84
-4.2 11.76 -0.04000092 AAADBB 0.84
-5.04 11.76 -0.04000092 A6A9B7 0.84
-5.88 11.76 -0.04000092 A9ACBA 0.84
-6.72 11.76 -0.04000187 AAADBB 0.84
-7.56 11.76 -0.04000187 A7AAB9 0.84
8.400002 12.6 -0.03999996 894851 0.84
7.560001 12.6 -0.03999996 944C53 0.84
6.720001 12.6 -0.03999996 9A8386 0.84
5.880001 12.6 -0.04000092 80414B 0.84
5.040001 12.6 -0.04000092 944B52 0.84
4.200001 12.6 -0.04000092 958286 0.84
3.360001 12.6 -0.03999996 8A454E 0.84
2.520001 12.6 -0.04000092 924A52 0.84
1.680001 12.6 -0.04000092 713B47 0.84
0.8400006 12.6 -0.04000092 7C404B 0.84
4.768372E-07 12.6 -0.04000092 5F5C72 0.84
-0.8399996 12.6 -0.04000092 4E4D64 0.84
-1.68 12.6 -0.04000092 616075 0.84
-2.52 12.6 -0.04000092 67667B 0.84
-3.36 12.6 -0.04000092 525067 0.84
-4.2 12.6 -0.04000092 504F66 0.84
-5.04 12.6 -0.04000092 68677C 0.84
-5.88 12.6 -0.04000092 55546B 0.84
-6.72 12.6 -0.04000187 4E4C63 0.84
-7.56 12.6 -0.04000187 646378 0.84
8.400002 13.44 -0.03999996 F39584 0.84
7.560001 13.44 -0.03999996 F19180 0.84
6.720001 13.44 -0.03999996 F08F7F 0.84
5.880001 13.44 -0.04000092 F29181 0.84
5.040001 13.44 -0.04000092 EF8E7E 0.84
4.200001 13.44 -0.04000092 F09080 0.84
3.360001 13.44 -0.03999996 F39382 0.84
2.520001 13.44 -0.04000092 ED8C7D 0.84
1.680001 13.44 -0.04000092 F39281 0.84
0.8400006 13.44 -0.04000092 F39180 0.84
4.768372E-07 13.44 -0.04000092 B6BAC6 0.84
-0.8399996 13.44 -0.04000092 B3B7C4 0.84
-1.68 13.44 -0.04000092 B3B8C5 0.84
-2.52 13.44 -0.04000092 B5BAC7 0.84
-3.36 13.44 -0.04000092 B5B9C6 0.84
-4.2 13.44 -0.04000092 B7BCC9 0.84
-5.04 13.44 -0.04000092 BABFCB 0.84
-5.88 13.44 -0.04000092 B6BAC8 0.84
-6.72 13.44 -0.04000187 B7BBC8 0.84
-7.56 13.44 -0.04000187 B2B7C4 0.84
8.400002 14.28 -0.03999996 EE9080 0.84
7.560001 14.28 -0.03999996 E6897B 0.84
6.720001 14.28 0.8000011 D6BCB5 0.84
5.880001 14.28 -0.04000092 AAAAB8 0.84
5.040001 14.28 -0.04000092 E98C7E 0.84
4.200001 14.28 -0.04000092 EC8E7E 0.84
3.360001 14.28 -0.03999996 E88A7C 0.84
2.520001 14.28 0.7999992 222940 0.84
1.680001 14.28 0.7999992 DABDB5 0.84
0.8400006 14.28 -0.04000092 E88B7D 0.84
4.768372E-07 14.28 -0.04000092 B3B6C3 0.84
-0.8399996 14.28 -0.04000092 AFB3C0 0.84
-1.68 14.28 0.7999992 C8C3C6 0.84
-2.52 14.28 0.7999992 212840 0.84
-3.36 14.28 -0.04000092 AFB3C0 0.84
-4.2 14.28 -0.04000092 B5B9C6 0.84
-5.04 14.28 -0.04000092 B2B6C3 0.84
-5.88 14.28 -0.04000092 746F8D 0.84
-6.72 14.28 0.7999983 C9C5C7 0.84
-7.56 14.28 -0.04000187 B3B7C4 0.84
8.400002 15.12 -0.03999996 EE8F7F 0.84
7.560001 15.12 -0.03999996 E98C7D 0.84
6.720001 15.12 0.8000011 D2BCB6 0.84
5.880001 15.12 0.7999992 212940 0.84
5.040001 15.12 -0.04000092 DE8176 0.84
4.200001 15.12 -0.04000092 E78A7C 0.84
3.360001 15.12 -0.03999996 E4877A 0.84
2.520001 15.12 0.7999992 20273E 0.84
1.680001 15.12 0.7999992 D3BBB4 0.84
0.8400006 15.12 -0.04000092 E88B7D 0.84
4.768372E-07 15.12 -0.04000092 B1B5C2 0.84
-0.8399996 15.12 -0.04000092 ACAFBD 0.84
-1.68 15.12 0.7999992 C8C3C5 0.84
-2.52 15.12 0.7999992 21283F 0.84
-3.36 15.12 -0.04000092 AFB3C0 0.84
-4.2 15.12 -0.04000092 B0B4C1 0.84
-5.04 15.12 -0.04000092 AFB3C0 0.84
-5.88 15.12 0.7999992 21283F 0.84
-6.72 15.12 0.7999983 C5BFC1 0.84
-7.56 15.12 -0.04000187 ACAFBD 0.84
8.400002 15.96 -0.03999996 E18478 0.84
7.560001 15.96 -0.03999996 E4877A 0.84
6.720001 15.96 0.8000011 CEB3AD 0.84
5.880001 15.96 0.7999992 20273E 0.84
5.040001 15.96 -0.04000092 E38679 0.84
4.200001 15.96 -0.04000092 E28679 0.84
3.360001 15.96 -0.03999996 E3867A 0.84
2.520001 15.96 0.7999992 E2D8D3 0.84
1.680001 15.96 0.7999992 C4A9A5 0.84
0.8400006 15.96 -0.04000092 DE8176 0.84
4.768372E-07 15.96 -0.04000092 AAADBB 0.84
-0.8399996 15.96 -0.04000092 A8ABB9 0.84
-1.68 15.96 0.7999992 C1BBBD 0.84
-2.52 15.96 0.7999992 212840 0.84
-3.36 15.96 -0.04000092 ABAEBC 0.84
-4.2 15.96 -0.04000092 A9ADBB 0.84
-5.04 15.96 -0.04000092 A9ADBA 0.84
-5.88 15.96 0.7999992 DCD7D3 0.84
-6.72 15.96 0.7999983 BBB4B6 0.84
-7.56 15.96 -0.04000187 AFB2BF 0.84
8.400002 16.8 -0.03999996 D87D73 0.84
7.560001 16.8 -0.03999996 D67A71 0.84
6.720001 16.8 -0.03999996 C46B67 0.84
5.880001 16.8 -0.04000092 CF746D 0.84
5.040001 16.8 -0.04000092 D47970 0.84
4.200001 16.8 -0.04000092 CE736C 0.84
3.360001 16.8 -0.03999996 D67A71 0.84
2.520001 16.8 -0.04000092 D77C72 0.84
1.680001 16.8 -0.04000092 C9706A 0.84
0.8400006 16.8 -0.04000092 D3776F 0.84
4.768372E-07 16.8 -0.04000092 A2A4B2 0.84
-0.8399996 16.8 -0.04000092 8E8FA0 0.84
-1.68 16.8 -0.04000092 9A9BAA 0.84
-2.52 16.8 -0.04000092 9DA0AF 0.84
-3.36 16.8 -0.04000092 9799A8 0.84
-4.2 16.8 -0.04000092 9A9CAC 0.84
-5.04 16.8 -0.04000092 A3A5B4 0.84
-5.88 16.8 -0.04000092 9698A8 0.84
-6.72 16.8 -0.04000187 9495A5 0.84
-7.56 16.8 -0.04000187 A0A2B1 0.84
8.400002 17.64 -0.03999996 C5BCBA 0.84
7.560001 17.64 -0.03999996 B2A8A9 0.84
6.720001 17.64 -0.03999996 B6ACAC 0.84
5.880001 17.64 -0.04000092 B2A8A9 0.84
5.040001 17.64 -0.04000092 B1A6A7 0.84
4.200001 17.64 -0.04000092 B4A9A9 0.84
3.360001 17.64 -0.03999996 B3A9AA 0.84
2.520001 17.64 -0.04000092 B0A6A7 0.84
1.680001 17.64 -0.04000092 AEA5A6 0.84
0.8400006 17.64 -0.04000092 B4AAAA 0.84
4.768372E-07 17.64 -0.04000092 B3A8A8 0.84
-0.8399996 17.64 -0.04000092 B2A8A8 0.84
-1.68 17.64 -0.04000092 B3AAAA 0.84
-2.52 17.64 -0.04000092 B2A8A9 0.84
-3.36 17.64 -0.04000092 ADA3A4 0.84
-4.2 17.64 -0.04000092 B2A9A9 0.84
-5.04 17.64 -0.04000092 AEA4A5 0.84
-5.88 17.64 -0.04000092 B4ABAB 0.84
-6.72 17.64 -0.04000187 B1A7A9 0.84
-7.56 17.64 -0.04000187 B4ABAB 0.84
-8.400002 17.64 -0.04000187 C1B9B7 0.84
8.400002 18.48 -0.8799992 D1C9C7 0.84
7.560001 18.48 -0.8799992 CFC8C5 0.84
6.720001 18.48 -0.8799992 CDC6C3 0.84
5.880001 18.48 -0.8799992 D2CBC8 0.84
5.040001 18.48 -0.8800001 CEC7C4 0.84
4.200001 18.48 -0.8800001 CEC7C5 0.84
3.360001 18.48 -0.8800001 D0C9C6 0.84
2.520001 18.48 -0.8800001 D0C9C6 0.84
1.680001 18.48 -0.8800001 D0C8C6 0.84
0.8400006 18.48 -0.8800011 D3CCC9 0.84
4.768372E-07 18.48 -0.8800011 D0C9C6 0.84
-0.8399996 18.48 -0.8800011 D0C9C6 0.84
-1.68 18.48 -0.8800011 D1CAC7 0.84
-2.52 18.48 -0.8800011 C9C2BF 0.84
-3.36 18.48 -0.8800011 CEC7C4 0.84
-4.2 18.48 -0.8800011 CDC6C3 0.84
-5.04 18.48 -0.8800011 D2CBC8 0.84
-5.88 18.48 -0.8800011 CEC7C5 0.84
-6.72 18.48 -0.8800011 D2CBC8 0.84
-7.56 18.48 -0.8800011 CEC6C4 0.84
-8.400002 18.48 -0.8800011 D3CCC9 0.84
7.560001 19.32 -0.03999996 FFE3CC 0.84
6.720001 19.32 -0.03999996 FFE5CE 0.84
5.880001 19.32 -0.04000092 FFE5CE 0.84
5.040001 19.32 -0.04000092 FFDDC2 0.84
4.200001 19.32 -0.04000092 FFDFC6 0.84
3.360001 19.32 -0.03999996 FFDFC5 0.84
2.520001 19.32 -0.04000092 FFDFC5 0.84
1.680001 19.32 -0.04000092 FFE2CB 0.84
0.8400006 19.32 -0.04000092 FFE5CE 0.84
4.768372E-07 19.32 -0.04000092 FFE2CB 0.84
-0.8399996 19.32 -0.04000092 FFE2CB 0.84
-1.68 19.32 -0.04000092 FFE1C9 0.84
-2.52 19.32 -0.04000092 FFDABB 0.84
-3.36 19.32 -0.04000092 FFD8B8 0.84
-4.2 19.32 -0.04000092 FFDDC1 0.84
-5.04 19.32 -0.04000092 FFDFC5 0.84
-5.88 19.32 -0.04000092 FFE2CB 0.84
-6.72 19.32 -0.04000187 FFE1C9 0.84
-7.56 19.32 -0.04000187 FFE6CF 0.84
7.560001 20.16 0.8000011 FFE2CB 0.84
6.720001 20.16 0.8000011 FFDFC5 0.84
5.880001 20.16 0.7999992 FBCEAB 0.84
5.040001 20.16 -0.04000092 F79682 0.84
4.200001 20.16 0.7999992 222940 0.84
3.360001 20.16 0.8000002 22283F 0.84
2.520001 20.16 -0.04000092 F39280 0.84
1.680001 20.16 0.7999992 F8CAA7 0.84
0.8400006 20.16 0.7999992 FFDEC4 0.84
4.768372E-07 20.16 0.7999992 FFE2CB 0.84
-0.8399996 20.16 0.7999992 FFDDC1 0.84
-1.68 20.16 0.7999992 F7CFAE 0.84
-2.52 20.16 -0.04000092 BABCC8 0.84
-3.36 20.16 0.7999992 222A41 0.84
-4.2 20.16 0.7999992 20273E 0.84
-5.04 20.16 -0.04000092 BBBCC6 0.84
-5.88 20.16 0.7999992 FAD3B2 0.84
-6.72 20.16 0.7999983 FFDEC3 0.84
-7.56 20.16 0.7999983 FFE1C8 0.84
7.560001 21 2.480001 FFE5CE 0.84
6.720001 21 2.480001 FFE0C7 0.84
5.880001 21 2.48 F5C8A6 0.84
5.040001 21 -0.04000092 F19281 0.84
4.200001 21 0.7999992 222940 0.84
3.360001 21 0.8000002 222A41 0.84
2.520001 21 -0.04000092 EE8F7E 0.84
1.68 21 2.48 F7C39F 0.84
0.8400003 21 2.48 FFD8BA 0.84
2.384186E-07 21 2.48 FFDDC3 0.84
-0.8399999 21 2.48 FFD9B9 0.84
-1.68 21 2.48 E6BEA0 0.84
-2.52 21 -0.04000092 B5B8C5 0.84
-3.36 21 0.7999992 222A41 0.84
-4.2 21 0.7999992 21283F 0.84
-5.04 21 -0.04000092 AFB2BF 0.84
-5.88 21 2.48 F7CFAE 0.84
-6.72 21 2.48 FFDCC0 0.84
-7.56 21 2.48 FFE6CF 0.84
7.560001 21.84 3.320001 FFE4CD 0.84
6.720001 21.84 3.320001 FFE2CB 0.84
5.880001 21.84 3.32 FFDFC5 0.84
5.040001 21.84 -0.04000092 F09382 0.84
4.200001 21.84 0.7999992 20263D 0.84
3.360001 21.84 0.8000002 21283F 0.84
2.520001 21.84 -0.04000092 EB8D7E 0.84
1.68 21.84 3.32 F2C8A6 0.84
0.8400003 21.84 3.32 FFE1C9 0.84
2.384186E-07 21.84 3.32 FFE1CA 0.84
-0.8399999 21.84 3.32 FFE1CA 0.84
-1.68 21.84 3.32 F7CDA9 0.84
-2.52 21.84 -0.04000092 B6BBC7 0.84
-3.36 21.84 0.7999992 20273E 0.84
-4.2 21.84 0.7999992 20263D 0.84
-5.04 21.84 -0.04000092 B6B9C6 0.84
-5.88 21.84 3.319999 FDD5B3 0.84
-6.72 21.84 3.319999 FFE4CC 0.84
-7.56 21.84 3.319999 FFE6CF 0.84
7.560001 22.68 4.160001 FFE8D0 0.84
6.720001 22.68 4.160001 FFE5CD 0.84
5.880001 22.68 4.16 FFE5CD 0.84
5.040001 22.68 4.16 FFE1C9 0.84
4.200001 22.68 -0.04000092 EE907F 0.84
3.360001 22.68 -0.03999996 E5887B 0.84
2.52 22.68 4.16 FFDEC5 0.84
1.68 22.68 4.16 FFE6CE 0.84
0.8400002 22.68 4.16 FFE4CC 0.84
1.192093E-07 22.68 4.16 FFE4CD 0.84
-0.84 22.68 4.16 FFE4CC 0.84
-1.68 22.68 4.16 FFE4CC 0.84
-2.52 22.68 4.16 FFDBBE 0.84
-3.36 22.68 -0.04000092 B6B9C6 0.84
-4.2 22.68 -0.04000092 B0B3C0 0.84
-5.040001 22.68 4.159999 FFE1C9 0.84
-5.880001 22.68 4.159999 FFE4CC 0.84
-6.720001 22.68 4.159999 FFE5CD 0.84
-7.560001 22.68 4.159999 FFE7D0 0.84
7.560001 23.52 5.000001 FFE7D0 0.84
6.720001 23.52 5.000001 FFE7D0 0.84
5.880001 23.52 5 FFE7D0 0.84
5.040001 23.52 5 FFE7CF 0.84
4.200001 23.52 5 FFE5CE 0.84
3.36 23.52 5 FFE3CB 0.84
2.52 23.52 5 FFE5CE 0.84
1.68 23.52 5 FFE7CF 0.84
0.8400001 23.52 5 FFE6CF 0.84
0 23.52 5 FFE5CE 0.84
-0.8400001 23.52 5 FFE7CF 0.84
-1.68 23.52 5 FFE5CD 0.84
-2.52 23.52 5 FFE5CE 0.84
-3.36 23.52 5 FFE6CD 0.84
-4.200001 23.52 5 FFE8D0 0.84
-5.040001 23.52 5 FFE8D1 0.84
-5.880001 23.52 5 FFE6CE 0.84
-6.720001 23.52 4.999999 FFE5CE 0.84
-7.560001 23.52 4.999999 FFE5CE 0.84
7.560001 24.36 5.840001 FFD6B4 0.84
6.720001 24.36 5.840001 FFD6B3 0.84
5.880001 24.36 5.840001 FFDABD 0.84
5.040001 24.36 5.840001 FFD5B1 0.84
4.200001 24.36 5.840001 FFD8B7 0.84
3.36 24.36 5.840001 FFD7B6 0.84
2.52 24.36 5.84 FFD7B6 0.84
1.68 24.36 5.84 FDD5B3 0.84
0.84 24.36 5.84 FFD4B0 0.84
-1.192093E-07 24.36 5.84 FFD9BA 0.84
-0.8400002 24.36 5.84 FFD9BB 0.84
-1.68 24.36 5.84 FFDABD 0.84
-2.52 24.36 5.84 FFDBBE 0.84
-3.360001 24.36 5.839999 FFDCC0 0.84
-4.200001 24.36 5.84 FFDBBF 0.84
-5.040001 24.36 5.84 FFDBBD 0.84
-5.880001 24.36 5.84 FFD6B3 0.84
-6.720001 24.36 5.839999 FFD8B8 0.84
-7.560001 24.36 5.839999 FCD4B1 0.84
8.400002 0 -3.400002 BDB4B4 0.84
-8.400001 0 -3.400002 CBC4C2 0.84
8.400002 0.84 -3.400002 E9E1DC 0.84
7.560002 0.84 -3.4 ECE3DD 0.84
6.720002 0.84 -3.4 E6DED8 0.84
5.880002 0.84 -3.400002 E6DCD7 0.84
5.040002 0.84 -3.400002 E4DBD5 0.84
4.200002 0.84 -3.400002 E2D8D3 0.84
3.360001 0.84 -3.400001 E1D9D4 0.84
2.520001 0.84 -3.400002 E1D9D4 0.84
1.680001 0.84 -3.400002 DED7D3 0.84
0.840001 0.84 -3.400002 E0D8D4 0.84
9.536743E-07 0.84 -3.400002 DED8D4 0.84
-0.8399991 0.84 -3.400002 DFD8D4 0.84
-1.679999 0.84 -3.400002 DDD6D3 0.84
-2.52 0.84 -3.400002 E0D9D5 0.84
-3.359999 0.84 -3.400002 DFD9D6 0.84
-4.2 0.84 -3.400002 DDD7D4 0.84
-5.04 0.84 -3.400002 E3DDD9 0.84
-5.88 0.84 -3.400002 E0DAD7 0.84
-6.72 0.84 -3.400002 E6E1DD 0.84
-7.56 0.84 -3.400002 EAE5E1 0.84
-8.400001 0.84 -3.400002 ECE7E2 0.84
8.400002 0 -2.559999 C5BDBC 0.84
-8.400001 0 -2.560002 CCC5C2 0.84
8.400002 0.84 -2.559999 EEE5DF 0.84
7.560002 0.84 -2.56 E8DED7 0.84
6.720002 0.84 -2.56 E6DAD5 0.84
5.880002 0.84 -2.56 DCD1CC 0.84
5.040002 0.84 -2.56 E3D8D3 0.84
4.200002 0.84 -2.56 E1D6D1 0.84
3.360001 0.84 -2.56 E1D6D1 0.84
2.520001 0.84 -2.56 DDD5D0 0.84
1.680001 0.84 -2.56 DBD5D1 0.84
0.840001 0.84 -2.56 DDD6D2 0.84
9.536743E-07 0.84 -2.560001 DBD4D0 0.84
-0.8399991 0.84 -2.560001 DDD6D2 0.84
-1.679999 0.84 -2.560001 DDD6D2 0.84
-2.52 0.84 -2.560001 D9D3D0 0.84
-3.359999 0.84 -2.560001 DBD5D2 0.84
-4.2 0.84 -2.560001 D6D0CE 0.84
-5.04 0.84 -2.560001 DFDAD6 0.84
-5.88 0.84 -2.560001 DFD9D6 0.84
-6.72 0.84 -2.560002 DFD9D6 0.84
-7.56 0.84 -2.560002 E7E1DD 0.84
-8.400001 0.84 -2.560002 EAE5E1 0.84
8.400002 0 -1.719999 B9AFAF 0.84
-8.400001 0 -1.720002 CFC8C5 0.84
8.400002 0.84 -1.719999 EDE3DC 0.84
7.560002 0.84 -1.72 E0D5CF 0.84
6.720002 0.84 -1.72 DED3CD 0.84
5.880002 0.84 -1.72 DDD1CB 0.84
5.040002 0.84 -1.72 DDD0CB 0.84
4.200002 0.84 -1.72 DACDC7 0.84
3.360001 0.84 -1.72 D5C9C4 0.84
2.520001 0.84 -0.04000092 7D404A 0.84
-2.52 0.84 -0.04000092 5B5A70 0.84
-3.359999 0.84 -1.720001 D1CAC8 0.84
-4.2 0.84 -1.720001 D9D3D1 0.84
-5.04 0.84 -1.720001 DAD5D2 0.84
-5.88 0.84 -1.720001 DBD6D3 0.84
-6.72 0.84 -1.720002 DDD8D5 0.84
-7.56 0.84 -1.720002 E3DEDB 0.84
-8.400001 0.84 -1.720002 ECE7E3 0.84
8.400002 0 -0.8799992 BAB0B0 0.84
-8.400002 0 -0.8800011 CCC5C2 0.84
2.520001 0.84 -0.8800001 AC999A 0.84
8.400002 0.84 -0.8799992 E8DBD5 0.84
7.560001 0.84 -0.8799992 DED2CC 0.84
6.720001 0.84 -0.8799992 D8CBC7 0.84
5.880001 0.84 -0.8799992 DCCBC5 0.84
5.040001 0.84 -0.8800001 D3C2BD 0.84
4.200001 0.84 -0.8800001 D0BFBA 0.84
3.360001 0.84 -0.8800001 C6B6B2 0.84
1.680001 0.84 -0.8800001 918187 0.84
0.8400006 0.84 -0.8800011 9A8C90 0.84
4.768372E-07 0.84 -0.8800011 96888D 0.84
-0.8399996 0.84 -0.8800011 93868C 0.84
-1.68 0.84 -0.8800011 92848B 0.84
-2.52 0.84 -0.8800011 8B7F87 0.84
-3.36 0.84 -0.8800011 C5BFBF 0.84
-4.2 0.84 -0.8800011 D0CAC8 0.84
-5.04 0.84 -0.8800011 CFC9C8 0.84
-5.88 0.84 -0.8800011 D4CFCE 0.84
-6.72 0.84 -0.8800011 D8D2CF 0.84
-7.56 0.84 -0.8800011 D9D4D2 0.84
-8.400002 0.84 -0.8800011 E7E2DE 0.84
2.520001 1.68 -0.04000092 964C53 0.84
-2.52 1.68 -0.04000092 69687D 0.84
2.520001 3.36 -0.8800001 B49997 0.84
-2.52 3.36 -0.8800011 B2A9AA 0.84
8.400002 0 -0.03999996 BAB1B1 0.84
-8.400002 0 -0.04000187 CFC7C5 0.84
1.680001 0.84 -0.04000092 978388 0.84
0.8400006 0.84 -0.04000092 8F7F86 0.84
4.768372E-07 0.84 -0.04000092 887A82 0.84
-0.8399996 0.84 -0.04000092 83747C 0.84
-1.68 0.84 -0.04000092 86757D 0.84
-8.400002 0.84 -0.04000187 E7E1DD 0.84
-8.400002 12.6 -0.04000187 706672 0.84
-8.400002 8.400001 -0.04000187 E5E0DD 0.84
-8.400002 13.44 -0.04000187 E7E2DE 0.84
8.400002 18.48 -0.03999996 CEC7C4 0.84
-8.400002 18.48 -0.04000187 CFC7C4 0.84
8.400002 7.56 0.8000002 6E4451 0.84
7.560001 7.56 0.8000011 905058 0.84
6.720001 7.56 0.8000011 804954 0.84
5.880001 7.56 0.7999992 834954 0.84
5.040001 7.56 0.7999992 804954 0.84
4.200001 7.56 0.7999992 7F4853 0.84
3.360001 7.56 0.8000002 7C4753 0.84
2.520001 7.56 0.7999992 8B525C 0.84
4.768372E-07 7.56 0.7999992 6D5162 0.84
-2.52 7.56 0.7999992 655C6F 0.84
-3.36 7.56 0.7999992 635B6F 0.84
-4.2 7.56 0.7999992 60586C 0.84
-5.04 7.56 0.7999992 655E72 0.84
-5.88 7.56 0.7999992 615C70 0.84
-6.72 7.56 0.7999983 656074 0.84
-7.56 7.56 0.7999983 6D687B 0.84
-8.400002 7.56 0.7999983 5E586C 0.84
8.400002 0 0.8000002 BFB6B6 0.84
-8.400002 0 0.7999983 CBC3C1 0.84
8.400002 0.84 0.8000002 DA7E75 0.84
7.560001 0.84 0.8000011 8C4E57 0.84
6.720001 0.84 0.8000011 7F4955 0.84
5.880001 0.84 0.7999992 824955 0.84
5.040001 0.84 0.7999992 945059 0.84
4.200001 0.84 0.7999992 804E5A 0.84
3.360001 0.84 0.8000002 79505D 0.84
2.520001 0.84 0.7999992 795763 0.84
1.680001 0.84 0.7999992 836A73 0.84
0.8400006 0.84 0.7999992 806872 0.84
4.768372E-07 0.84 0.7999992 7F6A74 0.84
-0.8399996 0.84 0.7999992 7C6C77 0.84
-1.68 0.84 0.7999992 7C6874 0.84
-2.52 0.84 0.7999992 695668 0.84
-3.36 0.84 0.7999992 675A6E 0.84
-4.2 0.84 0.7999992 5A4C61 0.84
-5.04 0.84 0.7999992 6C6478 0.84
-5.88 0.84 0.7999992 685F73 0.84
-6.72 0.84 0.7999983 61596D 0.84
-7.56 0.84 0.7999983 6D667A 0.84
-8.400002 0.84 0.7999983 7B7587 0.84
8.400002 1.68 0.8000002 D77B72 0.84
-8.400002 1.68 0.7999983 ACAFBD 0.84
8.400002 2.52 0.8000002 DD8176 0.84
-8.400002 2.52 0.7999983 B1B5C2 0.84
8.400002 3.36 0.8000002 DA7E74 0.84
-8.400002 3.36 0.7999983 B1B4C0 0.84
8.400002 4.2 0.8000002 D67B73 0.84
-8.400002 4.2 0.7999983 B4B8C5 0.84
8.400002 5.04 0.8000002 DC8076 0.84
4.768372E-07 5.04 0.7999992 998E93 0.84
-8.400002 5.04 0.7999983 B0B4C1 0.84
8.400002 5.88 0.8000002 E5887A 0.84
1.680001 7.56 0.7999992 7A4C59 0.84
0.8400006 6.72 0.7999992 6A606C 0.84
-0.8399996 6.72 0.7999992 675D6A 0.84
-1.68 7.56 0.7999992 625669 0.84
-8.400002 5.88 0.7999983 B4B8C5 0.84
8.400002 6.72 0.8000002 DA7D73 0.84
0.8400006 7.56 0.7999992 784F5C 0.84
-0.8399996 7.56 0.7999992 65576A 0.84
-8.400002 6.72 0.7999983 B5B9C6 0.84
8.400002 12.6 0.8000002 81505A 0.84
7.560001 12.6 0.8000011 9A565C 0.84
6.720001 12.6 0.8000011 864F59 0.84
5.880001 9.240001 0.7999992 583A4F 0.84
5.040001 12.6 0.7999992 7D4A56 0.84
4.200001 12.6 0.7999992 7D4A56 0.84
3.360001 12.6 0.8000002 7D4D59 0.84
2.520001 12.6 0.7999992 7F535F 0.84
1.680001 12.6 0.7999992 80505C 0.84
0.8400006 12.6 0.7999992 83535F 0.84
4.768372E-07 12.6 0.7999992 785767 0.84
-0.8399996 12.6 0.7999992 6F5E71 0.84
-1.68 12.6 0.7999992 6F5D6F 0.84
-2.52 12.6 0.7999992 695C6F 0.84
-3.36 12.6 0.7999992 675C6F 0.84
-4.2 12.6 0.7999992 6E6476 0.84
-5.04 12.6 0.7999992 6A6073 0.84
-5.88 9.240001 0.7999992 48455F 0.84
-6.72 12.6 0.7999983 6B6275 0.84
-7.56 12.6 0.7999983 6F697C 0.84
-8.400002 12.6 0.7999983 686275 0.84
8.400002 8.400001 0.8000002 E38679 0.84
7.560001 8.400001 0.8000011 9B585D 0.84
-7.56 8.400001 0.7999983 777284 0.84
-8.400002 8.400001 0.7999983 C4BFC2 0.84
8.400002 9.240001 0.8000002 E18579 0.84
5.880001 12.6 0.7999992 8B535C 0.84
-5.04 9.240001 0.7999992 61546A 0.84
5.040001 9.240001 0.7999992 764E63 0.84
-5.88 12.6 0.7999992 645C6F 0.84
-8.400002 9.240001 0.7999983 B1B4C1 0.84
8.400002 10.08 0.8000002 DD8177 0.84
-8.400002 10.08 0.7999983 B2B6C2 0.84
8.400002 10.92 0.8000002 E78A7C 0.84
-8.400002 10.92 0.7999983 B5B9C5 0.84
8.400002 11.76 0.8000002 E3867A 0.84
-8.400002 11.76 0.7999983 B5B9C6 0.84
8.400002 13.44 0.8000002 E8887B 0.84
8.400002 17.64 0.8000002 8C555E 0.84
7.560001 17.64 0.8000011 8A515A 0.84
7.560001 13.44 0.8000011 94535A 0.84
6.720001 17.64 0.8000011 824D58 0.84
5.880001 14.28 0.7999992 56394F 0.84
5.040001 17.64 0.7999992 794D5A 0.84
4.200001 17.64 0.7999992 784B57 0.84
3.360001 17.64 0.8000002 7E4D59 0.84
2.520001 17.64 0.7999992 724D5B 0.84
1.680001 17.64 0.7999992 784D5A 0.84
0.8400006 17.64 0.7999992 7A5361 0.84
4.768372E-07 17.64 0.7999992 745565 0.84
-0.8399996 17.64 0.7999992 6A5568 0.84
-1.68 17.64 0.7999992 6A586B 0.84
-2.52 17.64 0.7999992 605165 0.84
-3.36 17.64 0.7999992 65566A 0.84
-4.2 17.64 0.7999992 635569 0.84
-5.04 17.64 0.7999992 645B6E 0.84
-5.88 14.28 0.7999992 48435C 0.84
-6.72 17.64 0.7999983 655C6F 0.84
-7.56 17.64 0.7999983 686073 0.84
-7.56 13.44 0.7999983 6B677B 0.84
-8.400002 17.64 0.7999983 6F687A 0.84
-8.400002 13.44 0.7999983 C6C2C5 0.84
8.400002 14.28 0.8000002 E78A7C 0.84
5.880001 17.64 0.7999992 714856 0.84
-5.04 14.28 0.7999992 5F546B 0.84
5.040001 14.28 0.7999992 63465D 0.84
-5.88 17.64 0.7999992 62586B 0.84
-8.400002 14.28 0.7999983 B4B9C5 0.84
8.400002 15.12 0.8000002 E4877B 0.84
-8.400002 15.12 0.7999983 B4B8C5 0.84
8.400002 15.96 0.8000002 EB8E7F 0.84
-8.400002 15.96 0.7999983 B4B8C5 0.84
8.400002 16.8 0.8000002 E88B7D 0.84
-8.400002 16.8 0.7999983 B3B7C3 0.84
8.400002 18.48 0.8000002 C9C1BF 0.84
-8.400002 18.48 0.7999983 D2CBC8 0.84
8.400002 19.32 0.8000002 E3877B 0.84
7.560001 18.48 0.8000011 CD9D86 0.84
-7.56 18.48 0.7999983 C6A08D 0.84
-8.400002 19.32 0.7999983 B3B7C4 0.84
5.040001 20.16 0.7999992 EF8573 0.84
-2.52 20.16 0.7999992 B0A8B1 0.84
2.520001 20.16 0.7999992 CA6453 0.84
-5.04 20.16 0.7999992 A87E76 0.84
5.040001 21 0.7999992 ED8876 0.84
5.040001 21 2.48 D1745A 0.84
-2.52 21 0.7999992 AEA6B0 0.84
4.200001 21 2.48 CE7E61 0.84
3.360001 21 2.48 D08061 0.84
2.520001 21 2.48 D3795C 0.84
2.520001 21 0.7999992 F28975 0.84
-2.52 21 2.48 BB7F6B 0.84
-3.36 21 2.48 C08068 0.84
-4.200001 21 2.48 C1846D 0.84
-5.040001 21 2.48 BC816D 0.84
-5.04 21 0.7999992 BEBCC4 0.84
5.040001 21.84 0.7999992 BC5A56 0.84
5.040001 21.84 3.32 DE946E 0.84
-2.52 21.84 0.7999992 8B7781 0.84
4.200001 21.84 3.32 DF936B 0.84
3.360001 21.84 3.32 E2936A 0.84
2.520001 21.84 3.32 DE8F69 0.84
2.520001 21.84 0.7999992 BA5752 0.84
-2.52 21.84 3.32 E09971 0.84
-3.36 21.84 3.319999 D68F6B 0.84
-4.200001 21.84 3.319999 D9936E 0.84
-5.040001 21.84 3.319999 D79572 0.84
-5.04 21.84 0.7999992 887B86 0.84
5.040001 22.68 0.7999992 FFE0C8 0.84
4.200001 22.68 4.16 E0936A 0.84
-2.52 22.68 0.7999992 FFE2CA 0.84
3.360001 22.68 4.160001 EB9E6F 0.84
2.520001 22.68 0.7999992 FFE0C8 0.84
-3.36 22.68 4.159999 E79C6F 0.84
-4.200001 22.68 4.159999 E49B70 0.84
-5.04 22.68 0.7999992 FFE6CF 0.84
4.200001 23.52 0.7999992 FFE4CC 0.84
3.360001 23.52 0.8000002 FFE4CC 0.84
-3.36 23.52 0.7999992 FFE0C7 0.84
-4.2 23.52 0.7999992 FFE4CC 0.84
8.400002 7.56 1.64 834D57 0.84
7.560001 7.56 1.640001 8F5058 0.84
6.720001 17.64 1.640001 864F59 0.84
5.880001 17.64 1.64 80525D 0.84
5.040001 17.64 1.64 84515D 0.84
4.200001 17.64 1.64 874F5A 0.84
3.360001 17.64 1.64 78505D 0.84
2.520001 17.64 1.64 714D5B 0.84
1.680001 17.64 1.64 7B5563 0.84
0.8400006 17.64 1.64 7B5664 0.84
4.768372E-07 17.64 1.64 775767 0.84
-0.8399996 17.64 1.639999 6B5163 0.84
-1.68 17.64 1.639999 6B5669 0.84
-2.52 17.64 1.639999 6C5567 0.84
-3.36 17.64 1.639999 625266 0.84
-4.2 17.64 1.639999 675A6E 0.84
-5.04 17.64 1.639999 63576B 0.84
-5.88 17.64 1.639999 595166 0.84
-6.72 17.64 1.639999 6C6375 0.84
-7.56 7.56 1.639999 6E687C 0.84
-8.400002 7.56 1.639997 686275 0.84
8.400002 0 1.64 BCB3B2 0.84
-8.400002 0 1.639997 C9C1BF 0.84
8.400002 0.84 1.64 D97D74 0.84
7.560001 0.84 1.640001 8D4E57 0.84
6.720001 0.84 1.640001 91535B 0.84
5.880001 0.84 1.64 93535B 0.84
5.040001 0.84 1.64 8A545D 0.84
4.200001 0.84 1.64 81505B 0.84
3.360001 0.84 1.64 825762 0.84
2.520001 0.84 1.64 825C67 0.84
1.680001 0.84 1.64 7E5D68 0.84
0.8400006 0.84 1.64 7E616D 0.84
4.768372E-07 0.84 1.64 745F6C 0.84
-0.8399996 0.84 1.639999 7D6A76 0.84
-1.68 0.84 1.639999 796572 0.84
-2.52 0.84 1.639999 6F5F70 0.84
-3.36 0.84 1.639999 6D5F72 0.84
-4.2 0.84 1.639999 6B5F73 0.84
-5.04 0.84 1.639999 6C6376 0.84
-5.88 0.84 1.639999 6F6679 0.84
-6.72 0.84 1.639999 6F687B 0.84
-7.56 0.84 1.639999 756E80 0.84
-8.400002 0.84 1.639997 746E81 0.84
8.400002 1.68 1.64 D47A72 0.84
-8.400002 1.68 1.639997 AEB2BF 0.84
8.400002 2.52 1.64 E4877A 0.84
-8.400002 2.52 1.639997 B1B5C2 0.84
8.400002 3.36 1.64 D27770 0.84
-8.400002 3.36 1.639997 B0B4C1 0.84
8.400002 4.2 1.64 D87C73 0.84
-8.400002 4.2 1.639997 B0B4C1 0.84
8.400002 5.04 1.64 E28579 0.84
-8.400002 5.04 1.639997 B0B4C1 0.84
8.400002 5.88 1.64 DB8076 0.84
-8.400002 5.88 1.639997 B6BAC6 0.84
8.400002 6.72 1.64 DE8277 0.84
-8.400002 6.72 1.639997 B3B7C3 0.84
8.400002 12.6 1.64 7E4C57 0.84
7.560001 12.6 1.640001 8E525B 0.84
-7.56 12.6 1.639999 716A7D 0.84
-8.400002 12.6 1.639997 686174 0.84
8.400002 8.400001 1.64 EA8A7C 0.84
7.560001 8.400001 1.640001 96545B 0.84
-7.56 8.400001 1.639999 6A6478 0.84
-8.400002 8.400001 1.639997 C2BDC0 0.84
8.400002 9.240001 1.64 E4877A 0.84
-8.400002 9.240001 1.639997 B4B8C4 0.84
8.400002 10.08 1.64 DF8378 0.84
-8.400002 10.08 1.639997 B1B5C2 0.84
8.400002 10.92 1.64 E88B7E 0.84
-8.400002 10.92 1.639997 B0B4C1 0.84
8.400002 11.76 1.64 DF8378 0.84
-8.400002 11.76 1.639997 B3B6C3 0.84
8.400002 13.44 1.64 E7897B 0.84
8.400002 17.64 1.64 85515B 0.84
7.560001 17.64 1.640001 8E545D 0.84
7.560001 13.44 1.640001 844B55 0.84
-7.56 17.64 1.639999 726B7E 0.84
-7.56 13.44 1.639999 635F73 0.84
-8.400002 17.64 1.639997 797383 0.84
-8.400002 13.44 1.639997 C2BDC0 0.84
8.400002 14.28 1.64 E3877A 0.84
-8.400002 14.28 1.639997 AFB3C0 0.84
8.400002 15.12 1.64 E88B7D 0.84
-8.400002 15.12 1.639997 B4B8C5 0.84
8.400002 15.96 1.64 E78A7C 0.84
-8.400002 15.96 1.639997 B5B9C6 0.84
8.400002 16.8 1.64 E68A7C 0.84
-8.400002 16.8 1.639997 B3B7C3 0.84
8.400002 18.48 1.64 CEC6C3 0.84
-8.400002 18.48 1.639997 CFC7C5 0.84
8.400002 19.32 1.64 E98D7F 0.84
7.560001 18.48 1.640001 CA9681 0.84
-7.56 18.48 1.639999 C09E92 0.84
-8.400002 19.32 1.639997 B6BAC6 0.84
8.400002 20.16 1.64 E79B86 0.84
-8.400002 20.16 1.639997 B1B5C2 0.84
5.040001 21 1.64 E88271 0.84
7.560001 21 1.640001 FFE3CC 0.84
6.720001 21 1.640001 FFDCC1 0.84
5.880001 21 1.64 FBC9A5 0.84
-2.52 21 1.639999 A8A1AB 0.84
4.200001 21 1.64 C6755C 0.84
3.360001 21 1.64 B26756 0.84
2.520001 21 1.64 C46D58 0.84
1.680001 21 1.64 F5C29E 0.84
0.8400006 21 1.64 FAD1AF 0.84
4.768372E-07 21 1.64 FFDABD 0.84
-0.8399996 21 1.639999 FED6B4 0.84
-1.68 21 1.639999 EFC7A7 0.84
-3.36 21 1.639999 A76B5D 0.84
-4.2 21 1.639999 B47967 0.84
-5.04 21 1.639999 B48070 0.84
-5.88 21 1.639999 F6CFAF 0.84
-6.72 21 1.639999 FFDCBE 0.84
-7.56 21 1.639999 FFE0C7 0.84
5.040001 21.84 1.64 C25A54 0.84
-2.52 21.84 1.639999 816B76 0.84
2.520001 21.84 1.64 BB5551 0.84
-5.04 21.84 1.639999 877782 0.84
5.040001 22.68 1.64 FFE1CA 0.84
-2.52 22.68 1.639999 FFE0C8 0.84
2.520001 22.68 1.64 FFE1C9 0.84
-5.04 22.68 1.639999 FFE4CD 0.84
4.200001 23.52 1.64 FFE3CB 0.84
3.360001 23.52 1.64 FFE5CD 0.84
-3.36 23.52 1.639999 FFE5CD 0.84
-4.2 23.52 1.639999 FFE1CA 0.84
8.400002 7.56 2.48 7A4853 0.84
7.560001 7.56 2.480001 8B4F58 0.84
6.720001 17.64 2.480001 834E5A 0.84
5.880001 17.64 2.48 784D5A 0.84
5.040001 17.64 2.48 7D515E 0.84
4.200001 17.64 2.48 754F5E 0.84
3.360001 17.64 2.48 79515F 0.84
2.520001 17.64 2.48 734E5C 0.84
1.68 17.64 2.48 76515F 0.84
0.8400003 17.64 2.48 755463 0.84
2.384186E-07 17.64 2.48 755666 0.84
-0.8399999 17.64 2.48 6A5163 0.84
-1.68 17.64 2.48 6F586A 0.84
-2.52 17.64 2.48 6A5366 0.84
-3.36 17.64 2.48 675568 0.84
-4.200001 17.64 2.48 63566A 0.84
-5.040001 17.64 2.48 605469 0.84
-5.88 17.64 2.48 675C6F 0.84
-6.72 17.64 2.48 66596D 0.84
-7.56 7.56 2.48 6B6478 0.84
-8.400002 7.56 2.48 5B5569 0.84
8.400002 0 2.48 C0B7B6 0.84
-8.400002 0 2.48 CCC4C2 0.84
8.400002 0.84 2.48 DC8075 0.84
7.560001 0.84 2.480001 89515B 0.84
6.720001 0.84 2.480001 89545F 0.84
5.880001 0.84 2.48 834F5B 0.84
5.040001 0.84 2.48 88545F 0.84
4.200001 0.84 2.48 82525D 0.84
3.360001 0.84 2.48 7C505C 0.84
2.520001 0.84 2.48 7A5360 0.84
1.68 0.84 2.48 705261 0.84
0.8400003 0.84 2.48 795C69 0.84
2.384186E-07 0.84 2.48 78616E 0.84
-0.8399999 0.84 2.48 715B6A 0.84
-1.68 0.84 2.48 6B596A 0.84
-2.52 0.84 2.48 746171 0.84
-3.36 0.84 2.48 69596C 0.84
-4.200001 0.84 2.48 6B5D71 0.84
-5.040001 0.84 2.48 6E6477 0.84
-5.88 0.84 2.48 685F72 0.84
-6.72 0.84 2.48 6B6477 0.84
-7.56 0.84 2.48 6F697C 0.84
-8.400002 0.84 2.48 767083 0.84
8.400002 1.68 2.48 D97E75 0.84
-8.400002 1.68 2.48 ADB0BD 0.84
8.400002 2.52 2.48 E28579 0.84
-8.400002 2.52 2.48 B3B7C4 0.84
8.400002 3.36 2.48 DA7F75 0.84
-8.400002 3.36 2.48 B1B5C2 0.84
8.400002 4.2 2.48 DF8377 0.84
-8.400002 4.2 2.48 ABAFBD 0.84
8.400002 5.04 2.48 DE8176 0.84
-8.400002 5.04 2.48 B0B3C0 0.84
8.400002 5.88 2.48 D87D74 0.84
-8.400002 5.88 2.48 B3B6C3 0.84
8.400002 6.72 2.48 DB7F75 0.84
-8.400002 6.72 2.48 B0B3C0 0.84
8.400002 12.6 2.48 7B4D58 0.84
7.560001 12.6 2.480001 874D56 0.84
-7.56 12.6 2.48 706A7C 0.84
-8.400002 12.6 2.48 6B6477 0.84
8.400002 8.400001 2.48 E48679 0.84
7.560001 8.400001 2.480001 814C57 0.84
-7.56 8.400001 2.48 6A6477 0.84
-8.400002 8.400001 2.48 C2BCBD 0.84
8.400002 9.240001 2.48 E08479 0.84
-8.400002 9.240001 2.48 B5B9C5 0.84
8.400002 10.08 2.48 E4877B 0.84
-8.400002 10.08 2.48 B3B8C4 0.84
8.400002 10.92 2.48 E28579 0.84
-8.400002 10.92 2.48 B2B6C3 0.84
8.400002 11.76 2.48 E5897C 0.84
-8.400002 11.76 2.48 B3B7C3 0.84
8.400002 13.44 2.48 ED8D7E 0.84
8.400002 17.64 2.48 88535C 0.84
7.560001 17.64 2.480001 91565E 0.84
7.560001 13.44 2.480001 915159 0.84
-7.56 17.64 2.48 746C7E 0.84
-7.56 13.44 2.48 6A6477 0.84
-8.400002 17.64 2.48 6F687A 0.84
-8.400002 13.44 2.48 C3BEC1 0.84
8.400002 14.28 2.48 E2867A 0.84
-8.400002 14.28 2.48 B3B7C4 0.84
8.400002 15.12 2.48 DC8075 0.84
-8.400002 15.12 2.48 B5B9C6 0.84
8.400002 15.96 2.48 E88B7D 0.84
-8.400002 15.96 2.48 B6BAC6 0.84
8.400002 16.8 2.48 E3877B 0.84
-8.400002 16.8 2.48 B2B6C2 0.84
8.400002 18.48 2.48 CDC6C3 0.84
-8.400002 18.48 2.48 D2CAC6 0.84
8.400002 19.32 2.48 EB8D7E 0.84
7.560001 18.48 2.480001 C6917C 0.84
-7.56 18.48 2.48 C09D8F 0.84
-8.400002 19.32 2.48 B2B6C2 0.84
8.400002 20.16 2.48 E6897D 0.84
-8.400002 20.16 2.48 B4B8C5 0.84
8.400002 21 2.48 E5BD9F 0.84
-8.400002 21 2.48 ECC4A4 0.84
5.040001 21.84 2.48 BB5551 0.84
-2.52 21.84 2.48 846B72 0.84
2.520001 21.84 2.48 B34F4D 0.84
-5.040001 21.84 2.48 7E6D79 0.84
5.040001 22.68 2.48 FFE1C9 0.84
-2.52 22.68 2.48 FFE0C8 0.84
2.520001 22.68 2.48 FFE2C9 0.84
-5.040001 22.68 2.48 FFE3CB 0.84
4.200001 23.52 2.48 FFE3CB 0.84
3.360001 23.52 2.48 FFE1C9 0.84
-3.36 23.52 2.48 FFE1C9 0.84
-4.200001 23.52 2.48 FFE4CC 0.84
8.400002 7.56 3.320001 6D4755 0.84
7.560001 7.56 3.320001 874D56 0.84
6.720001 17.64 3.320001 82505C 0.84
5.880001 17.64 3.32 7F4F5A 0.84
5.040001 17.64 3.32 794D5A 0.84
4.200001 17.64 3.32 81515E 0.84
3.360001 17.64 3.32 744F5E 0.84
2.520001 17.64 3.32 74505F 0.84
1.68 17.64 3.32 704E5E 0.84
0.8400003 17.64 3.32 704E5E 0.84
2.384186E-07 17.64 3.32 785968 0.84
-0.8399999 17.64 3.32 705264 0.84
-1.68 17.64 3.32 715566 0.84
-2.52 17.64 3.32 6F5768 0.84
-3.36 17.64 3.319999 68586B 0.84
-4.200001 17.64 3.319999 715A6C 0.84
-5.040001 17.64 3.319999 67586C 0.84
-5.88 17.64 3.319999 66576B 0.84
-6.72 17.64 3.319999 645B6F 0.84
-7.56 7.56 3.319999 676074 0.84
-8.400002 7.56 3.319999 6B667A 0.84
8.400002 0 3.320001 BAB1B1 0.84
-8.400002 0 3.319999 CFC8C5 0.84
8.400002 0.84 3.320001 D47971 0.84
7.560001 0.84 3.320001 8F535C 0.84
6.720001 0.84 3.320001 8E555E 0.84
5.880001 0.84 3.32 82505B 0.84
5.040001 0.84 3.32 85525E 0.84
4.200001 0.84 3.32 824F5C 0.84
3.360001 0.84 3.32 845763 0.84
2.520001 0.84 3.32 79525F 0.84
1.68 0.84 3.32 7E5965 0.84
0.8400003 0.84 3.32 775765 0.84
2.384186E-07 0.84 3.32 755B6A 0.84
-0.8399999 0.84 3.32 705868 0.84
-1.68 0.84 3.32 755F6F 0.84
-2.52 0.84 3.32 705D6F 0.84
-3.36 0.84 3.319999 675466 0.84
-4.200001 0.84 3.319999 685B6E 0.84
-5.040001 0.84 3.319999 726275 0.84
-5.88 0.84 3.319999 675E72 0.84
-6.72 0.84 3.319999 686074 0.84
-7.56 0.84 3.319999 736A7D 0.84
-8.400002 0.84 3.319999 736C7F 0.84
8.400002 1.68 3.320001 D77C73 0.84
-8.400002 1.68 3.319999 B1B4C1 0.84
8.400002 2.52 3.320001 D97E74 0.84
-8.400002 2.52 3.319999 AFB3C0 0.84
8.400002 3.36 3.320001 DC7F75 0.84
-8.400002 3.36 3.319999 B3B7C4 0.84
8.400002 4.2 3.320001 D97D74 0.84
-8.400002 4.2 3.319999 B0B4C1 0.84
8.400002 5.04 3.320001 DC8076 0.84
-8.400002 5.04 3.319999 B4B7C4 0.84
8.400002 5.88 3.320001 D67A72 0.84
-8.400002 5.88 3.319999 AEB2BF 0.84
8.400002 6.72 3.320001 E18579 0.84
-8.400002 6.72 3.319999 B4B8C5 0.84
8.400002 12.6 3.320001 714653 0.84
7.560001 12.6 3.320001 93565E 0.84
-7.56 12.6 3.319999 6C6376 0.84
-8.400002 12.6 3.319999 635C6F 0.84
8.400002 8.400001 3.320001 E6877A 0.84
7.560001 8.400001 3.320001 91535C 0.84
-7.56 8.400001 3.319999 6E6577 0.84
-8.400002 8.400001 3.319999 C3BCBE 0.84
8.400002 9.240001 3.320001 E3877B 0.84
-8.400002 9.240001 3.319999 B5B9C5 0.84
8.400002 10.08 3.320001 DF8377 0.84
-8.400002 10.08 3.319999 B4B8C5 0.84
8.400002 10.92 3.320001 E5887B 0.84
-8.400002 10.92 3.319999 B5B9C5 0.84
8.400002 11.76 3.320001 DD8176 0.84
-8.400002 11.76 3.319999 B4B8C5 0.84
8.400002 13.44 3.320001 E9897B 0.84
8.400002 17.64 3.320001 87515B 0.84
7.560001 17.64 3.320001 895059 0.84
7.560001 13.44 3.320001 864B55 0.84
-7.56 17.64 3.319999 73697C 0.84
-7.56 13.44 3.319999 686377 0.84
-8.400002 17.64 3.319999 72697B 0.84
-8.400002 13.44 3.319999 BCB6BA 0.84
8.400002 14.28 3.320001 E5887B 0.84
-8.400002 14.28 3.319999 B3B7C4 0.84
8.400002 15.12 3.320001 E2857A 0.84
-8.400002 15.12 3.319999 B6BAC7 0.84
8.400002 15.96 3.320001 E98D7E 0.84
-8.400002 15.96 3.319999 AFB3C0 0.84
8.400002 16.8 3.320001 E78A7D 0.84
-8.400002 16.8 3.319999 B5B9C5 0.84
8.400002 18.48 3.320001 CCC5C3 0.84
-8.400002 18.48 3.319999 CEC7C4 0.84
8.400002 19.32 3.320001 E78B7D 0.84
7.560001 18.48 3.320001 C58E7B 0.84
-7.56 18.48 3.319999 B3938C 0.84
-8.400002 19.32 3.319999 B3B7C4 0.84
8.400002 20.16 3.320001 E88A7C 0.84
-8.400002 20.16 3.319999 B0B4C1 0.84
8.400002 21 3.320001 E68A7D 0.84
-8.400002 21 3.319999 B2B6C3 0.84
8.400002 21.84 3.320001 E6BD9F 0.84
-8.400002 21.84 3.319999 EBC3A4 0.84
5.040001 22.68 3.32 FFE3CB 0.84
-2.52 22.68 3.32 FFD7B6 0.84
2.520001 22.68 3.32 FFE1C8 0.84
-5.040001 22.68 3.319999 FFE2CA 0.84
4.200001 23.52 3.32 FFE2CA 0.84
3.360001 23.52 3.32 FFE2CA 0.84
-3.36 23.52 3.319999 FFE1C9 0.84
-4.200001 23.52 3.319999 FFE3CB 0.84
8.400002 7.56 4.160001 764955 0.84
7.560001 7.56 4.160001 874D57 0.84
6.720001 17.64 4.160001 86505B 0.84
5.880001 17.64 4.16 804C57 0.84
5.040001 17.64 4.16 7D515E 0.84
4.200001 17.64 4.16 83525D 0.84
3.360001 17.64 4.160001 7B4F5D 0.84
2.52 17.64 4.16 744F5E 0.84
1.68 17.64 4.16 705161 0.84
0.8400002 17.64 4.16 745565 0.84
1.192093E-07 17.64 4.16 725363 0.84
-0.84 17.64 4.16 695567 0.84
-1.68 17.64 4.16 6F5668 0.84
-2.52 17.64 4.16 6C5568 0.84
-3.36 17.64 4.159999 6D5568 0.84
-4.200001 17.64 4.159999 6D5769 0.84
-5.040001 17.64 4.159999 63586B 0.84
-5.880001 17.64 4.159999 66596D 0.84
-6.720001 17.64 4.159999 6A5F72 0.84
-7.560001 7.56 4.159999 696376 0.84
-8.400002 7.56 4.159999 645E71 0.84
8.400002 0 4.160001 B6AEAF 0.84
-8.400002 0 4.159999 CEC6C4 0.84
8.400002 0.84 4.160001 D97D74 0.84
7.560001 0.84 4.160001 945860 0.84
6.720001 0.84 4.160001 8C535D 0.84
5.880001 0.84 4.16 86535E 0.84
5.040001 0.84 4.16 865762 0.84
4.200001 0.84 4.16 805360 0.84
3.360001 0.84 4.160001 785361 0.84
2.52 0.84 4.16 7A5461 0.84
1.68 0.84 4.16 755563 0.84
0.8400002 0.84 4.16 795867 0.84
1.192093E-07 0.84 4.16 755766 0.84
-0.84 0.84 4.16 715869 0.84
-1.68 0.84 4.16 745969 0.84
-2.52 0.84 4.16 745A6B 0.84
-3.36 0.84 4.159999 69576A 0.84
-4.200001 0.84 4.159999 69596D 0.84
-5.040001 0.84 4.159999 6F5D70 0.84
-5.880001 0.84 4.159999 6D6275 0.84
-6.720001 0.84 4.159999 6A6276 0.84
-7.560001 0.84 4.159999 6E6578 0.84
-8.400002 0.84 4.159999 6C6478 0.84
8.400002 1.68 4.160001 D0766F 0.84
-8.400002 1.68 4.159999 B0B4C1 0.84
8.400002 2.52 4.160001 DF8377 0.84
-8.400002 2.52 4.159999 B1B5C2 0.84
8.400002 3.36 4.160001 E08378 0.84
-8.400002 3.36 4.159999 B1B5C2 0.84
8.400002 4.2 4.160001 DF8377 0.84
-8.400002 4.2 4.159999 B1B4C1 0.84
8.400002 5.04 4.160001 DA7E74 0.84
-8.400002 5.04 4.159999 AEB2BF 0.84
8.400002 5.88 4.160001 DF8277 0.84
-8.400002 5.88 4.159999 B1B5C2 0.84
8.400002 6.72 4.160001 DB7F75 0.84
-8.400002 6.72 4.159999 B0B4C1 0.84
8.400002 12.6 4.160001 7C4E5A 0.84
7.560001 12.6 4.160001 89525B 0.84
-7.560001 12.6 4.159999 6E6578 0.84
-8.400002 12.6 4.159999 675F72 0.84
8.400002 8.400001 4.160001 E8897C 0.84
7.560001 8.400001 4.160001 804C58 0.84
-7.560001 8.400001 4.159999 6A6275 0.84
-8.400002 8.400001 4.159999 C0BBBD 0.84
8.400002 9.240001 4.160001 DE8277 0.84
-8.400002 9.240001 4.159999 B4B8C5 0.84
8.400002 10.08 4.160001 DF8378 0.84
-8.400002 10.08 4.159999 B3B7C4 0.84
8.400002 10.92 4.160001 E28579 0.84
-8.400002 10.92 4.159999 B6BAC7 0.84
8.400002 11.76 4.160001 E2867A 0.84
-8.400002 11.76 4.159999 ADB0BD 0.84
8.400002 13.44 4.160001 EC8C7E 0.84
8.400002 17.64 4.160001 8A545D 0.84
7.560001 17.64 4.160001 8E535C 0.84
7.560001 13.44 4.160001 7D4854 0.84
-7.560001 17.64 4.159999 72687A 0.84
-7.560001 13.44 4.159999 665F73 0.84
-8.400002 17.64 4.159999 6D6679 0.84
-8.400002 13.44 4.159999 C4C0C2 0.84
8.400002 14.28 4.160001 E28679 0.84
-8.400002 14.28 4.159999 B5B9C6 0.84
8.400002 15.12 4.160001 EA8E7F 0.84
-8.400002 15.12 4.159999 B5B9C5 0.84
8.400002 15.96 4.160001 E18579 0.84
-8.400002 15.96 4.159999 B3B7C3 0.84
8.400002 16.8 4.160001 E4877B 0.84
-8.400002 16.8 4.159999 B1B5C1 0.84
8.400002 18.48 4.160001 D1CAC7 0.84
-8.400002 18.48 4.159999 CFC8C5 0.84
8.400002 19.32 4.160001 EA8D7F 0.84
7.560001 18.48 4.160001 C88C79 0.84
-7.560001 18.48 4.159999 B9988E 0.84
-8.400002 19.32 4.159999 B5B9C6 0.84
8.400002 20.16 4.160001 E88B7D 0.84
-8.400002 20.16 4.159999 B2B6C3 0.84
8.400002 21 4.160001 E88B7D 0.84
-8.400002 21 4.159999 B4B8C4 0.84
8.400002 21.84 4.160001 E6897C 0.84
-8.400002 21.84 4.159999 BABECA 0.84
4.200001 23.52 4.16 FFE0C8 0.84
3.360001 23.52 4.160001 FFE1C8 0.84
-3.36 23.52 4.159999 FFE0C7 0.84
-4.200001 23.52 4.159999 FFE1C9 0.84
8.400002 7.56 5.000001 714653 0.84
7.560001 7.56 5.000001 884E58 0.84
6.720001 17.64 5.000001 8C565F 0.84
5.880001 17.64 5 784B58 0.84
5.040001 17.64 5 784D5A 0.84
4.200001 17.64 5 7B4F5C 0.84
3.36 17.64 5 77515F 0.84
2.52 17.64 5 754D5C 0.84
1.68 17.64 5 7E5967 0.84
0.8400001 17.64 5 745565 0.84
0 17.64 5 6B5061 0.84
-0.8400001 17.64 5 6F5465 0.84
-1.68 17.64 5 735668 0.84
-2.52 17.64 5 695365 0.84
-3.36 17.64 5 695264 0.84
-4.200001 17.64 5 63566A 0.84
-5.040001 17.64 5 67576B 0.84
-5.880001 17.64 5 6E6073 0.84
-6.720001 17.64 4.999999 6F6376 0.84
-7.560001 7.56 4.999999 6A6477 0.84
-8.400002 7.56 4.999999 676074 0.84
8.400002 0 5.000001 BDB4B4 0.84
-8.400002 0 4.999999 CAC3C0 0.84
8.400002 0.84 5.000001 D57B72 0.84
7.560001 0.84 5.000001 8E535C 0.84
6.720001 0.84 5.000001 87535E 0.84
5.880001 0.84 5 834D58 0.84
5.040001 0.84 5 875560 0.84
4.200001 0.84 5 7D515E 0.84
3.36 0.84 5 7E505D 0.84
2.52 0.84 5 7D5764 0.84
1.68 0.84 5 745362 0.84
0.8400001 0.84 5 745565 0.84
0 0.84 5 7A5E6D 0.84
-0.8400001 0.84 5 745869 0.84
-1.68 0.84 5 705768 0.84
-2.52 0.84 5 71586A 0.84
-3.36 0.84 5 6D5B6D 0.84
-4.200001 0.84 5 6E5E71 0.84
-5.040001 0.84 5 685C70 0.84
-5.880001 0.84 5 6B5D70 0.84
-6.720001 0.84 4.999999 6C6275 0.84
-7.560001 0.84 4.999999 6B6275 0.84
-8.400002 0.84 4.999999 716A7C 0.84
8.400002 1.68 5.000001 D97D74 0.84
-8.400002 1.68 4.999999 B0B4C1 0.84
8.400002 2.52 5.000001 D87D73 0.84
-8.400002 2.52 4.999999 ACAFBD 0.84
8.400002 3.36 5.000001 DC8075 0.84
-8.400002 3.36 4.999999 B0B4C1 0.84
8.400002 4.2 5.000001 DA7E75 0.84
-8.400002 4.2 4.999999 B0B4C1 0.84
8.400002 5.04 5.000001 E08276 0.84
-8.400002 5.04 4.999999 B3B7C4 0.84
8.400002 5.88 5.000001 E3877A 0.84
-8.400002 5.88 4.999999 B3B7C4 0.84
8.400002 6.72 5.000001 DF8378 0.84
-8.400002 6.72 4.999999 B4B8C4 0.84
8.400002 12.6 5.000001 714856 0.84
7.560001 12.6 5.000001 89515B 0.84
-7.560001 12.6 4.999999 6D6679 0.84
-8.400002 12.6 4.999999 6E6679 0.84
8.400002 8.400001 5.000001 E68679 0.84
7.560001 8.400001 5.000001 874F58 0.84
-7.560001 8.400001 4.999999 6B6478 0.84
-8.400002 8.400001 4.999999 C4BFC1 0.84
8.400002 9.240001 5.000001 E68A7C 0.84
-8.400002 9.240001 4.999999 B2B6C3 0.84
8.400002 10.08 5.000001 E4877B 0.84
-8.400002 10.08 4.999999 B3B7C4 0.84
8.400002 10.92 5.000001 E5897C 0.84
-8.400002 10.92 4.999999 B5B9C5 0.84
8.400002 11.76 5.000001 DD8176 0.84
-8.400002 11.76 4.999999 B5B8C5 0.84
8.400002 13.44 5.000001 E7897C 0.84
8.400002 17.64 5.000001 9C5B61 0.84
7.560001 17.64 5.000001 87515B 0.84
7.560001 13.44 5.000001 8E5058 0.84
-7.560001 17.64 4.999999 6F6679 0.84
-7.560001 13.44 4.999999 696477 0.84
-8.400002 17.64 4.999999 746D7F 0.84
-8.400002 13.44 4.999999 BFB9BC 0.84
8.400002 14.28 5.000001 E08478 0.84
-8.400002 14.28 4.999999 B3B6C3 0.84
8.400002 15.12 5.000001 E4887B 0.84
-8.400002 15.12 4.999999 B3B7C4 0.84
8.400002 15.96 5.000001 E3877A 0.84
-8.400002 15.96 4.999999 B2B6C3 0.84
8.400002 16.8 5.000001 E68A7C 0.84
-8.400002 16.8 4.999999 B3B7C4 0.84
4.200001 22.68 5 B68578 0.84
-4.200001 22.68 5 AF8C84 0.84
8.400002 18.48 5.000001 CBC4C2 0.84
-8.400002 18.48 4.999999 D3CCC9 0.84
8.400002 19.32 5.000001 E78A7D 0.84
7.560001 18.48 5.000001 C88D7B 0.84
-7.560001 18.48 4.999999 B9978C 0.84
-8.400002 19.32 4.999999 B5B9C6 0.84
8.400002 20.16 5.000001 E88B7D 0.84
-8.400002 20.16 4.999999 B4B8C5 0.84
8.400002 21 5.000001 E78A7D 0.84
-8.400002 21 4.999999 B6BAC5 0.84
8.400002 21.84 5.000001 E98C7D 0.84
-8.400002 21.84 4.999999 B4B8C5 0.84
8.400002 22.68 5.000001 E98C7E 0.84
-8.400002 22.68 4.999999 B3B7C4 0.84
8.400002 7.56 5.840001 754955 0.84
7.560001 7.56 5.840001 864C57 0.84
6.720001 17.64 5.840001 83525D 0.84
5.880001 17.64 5.840001 804E5A 0.84
5.040001 17.64 5.840001 7D5360 0.84
4.200001 17.64 5.840001 79515F 0.84
3.36 17.64 5.840001 7A5260 0.84
2.52 17.64 5.84 785361 0.84
1.68 17.64 5.84 74505F 0.84
0.84 17.64 5.84 705465 0.84
-1.192093E-07 17.64 5.84 715363 0.84
-0.8400002 17.64 5.84 705566 0.84
-1.68 17.64 5.84 70596B 0.84
-2.52 17.64 5.84 725C6E 0.84
-3.360001 17.64 5.839999 695568 0.84
-4.200001 17.64 5.84 6C586B 0.84
-5.040001 17.64 5.84 6E586A 0.84
-5.880001 17.64 5.84 706274 0.84
-6.720001 17.64 5.839999 6F6275 0.84
-7.560001 7.56 5.839999 6B6578 0.84
-8.400002 7.56 5.839999 655F72 0.84
8.400002 0 5.840001 BFB7B7 0.84
-8.400002 0 5.839999 CCC4C2 0.84
8.400002 0.84 5.840001 DA7E74 0.84
7.560001 0.84 5.840001 814F5A 0.84
6.720001 0.84 5.840001 87505A 0.84
5.880001 0.84 5.840001 855460 0.84
5.040001 0.84 5.840001 7D4F5B 0.84
4.200001 0.84 5.840001 7A515E 0.84
3.36 0.84 5.840001 784E5B 0.84
2.52 0.84 5.84 755564 0.84
1.68 0.84 5.84 75515F 0.84
0.84 0.84 5.84 795967 0.84
-1.192093E-07 0.84 5.84 735666 0.84
-0.8400002 0.84 5.84 725667 0.84
-1.68 0.84 5.84 6E586A 0.84
-2.52 0.84 5.84 6E5A6D 0.84
-3.360001 0.84 5.839999 6A596C 0.84
-4.200001 0.84 5.84 725F71 0.84
-5.040001 0.84 5.84 705E71 0.84
-5.880001 0.84 5.84 6F6477 0.84
-6.720001 0.84 5.839999 6E6477 0.84
-7.560001 0.84 5.839999 6E6476 0.84
-8.400002 0.84 5.839999 71697B 0.84
8.400002 1.68 5.840001 DC8076 0.84
-8.400002 1.68 5.839999 ABAEBC 0.84
8.400002 2.52 5.840001 D67B72 0.84
-8.400002 2.52 5.839999 B0B4C1 0.84
8.400002 3.36 5.840001 DD8176 0.84
-8.400002 3.36 5.839999 B0B3C1 0.84
8.400002 4.2 5.840001 DF8377 0.84
-8.400002 4.2 5.839999 AFB2BF 0.84
8.400002 5.04 5.840001 D97D74 0.84
-8.400002 5.04 5.839999 B3B7C4 0.84
8.400002 5.88 5.840001 D57B72 0.84
-8.400002 5.88 5.839999 B3B7C4 0.84
8.400002 6.72 5.840001 DC8076 0.84
-8.400002 6.72 5.839999 B2B6C3 0.84
8.400002 12.6 5.840001 774954 0.84
7.560001 12.6 5.840001 8A4F59 0.84
-7.560001 12.6 5.839999 72697B 0.84
-8.400002 12.6 5.839999 665F71 0.84
8.400002 8.400001 5.840001 E8897B 0.84
7.560001 8.400001 5.840001 894E58 0.84
-7.560001 8.400001 5.839999 6E6578 0.84
-8.400002 8.400001 5.839999 C1BBBE 0.84
8.400002 9.240001 5.840001 E08378 0.84
-8.400002 9.240001 5.839999 AFB3C0 0.84
8.400002 10.08 5.840001 E2867A 0.84
-8.400002 10.08 5.839999 B1B5C2 0.84
8.400002 10.92 5.840001 E78A7C 0.84
-8.400002 10.92 5.839999 B1B5C2 0.84
8.400002 11.76 5.840001 DB8075 0.84
-8.400002 11.76 5.839999 B2B6C3 0.84
8.400002 13.44 5.840001 EA8C7E 0.84
8.400002 17.64 5.840001 8E555D 0.84
7.560001 17.64 5.840001 8B515A 0.84
7.560001 13.44 5.840001 8B4D56 0.84
-7.560001 17.64 5.839999 6B6073 0.84
-7.560001 13.44 5.839999 645D71 0.84
-8.400002 17.64 5.839999 706A7D 0.84
-8.400002 13.44 5.839999 BDB7BA 0.84
8.400002 14.28 5.840001 E4877B 0.84
-8.400002 14.28 5.839999 B3B7C4 0.84
8.400002 15.12 5.840001 DE8176 0.84
-8.400002 15.12 5.839999 B2B6C3 0.84
8.400002 15.96 5.840001 E28579 0.84
-8.400002 15.96 5.839999 B2B6C2 0.84
8.400002 16.8 5.840001 E88B7D 0.84
-8.400002 16.8 5.839999 B3B7C3 0.84
8.400002 18.48 5.840001 CAC2C0 0.84
-8.400002 18.48 5.839999 D0C8C5 0.84
8.400002 19.32 5.840001 EA8D7F 0.84
7.560001 18.48 5.840001 C68E7B 0.84
-7.560001 18.48 5.839999 B8978D 0.84
-8.400002 19.32 5.839999 B5B9C5 0.84
8.400002 20.16 5.840001 E78B7D 0.84
-8.400002 20.16 5.839999 B6BAC7 0.84
8.400002 21 5.840001 EA8C7D 0.84
-8.400002 21 5.839999 B3B6C3 0.84
8.400002 21.84 5.840001 EC8E7F 0.84
-8.400002 21.84 5.839999 B2B6C3 0.84
8.400002 22.68 5.840001 E5887B 0.84
-8.400002 22.68 5.839999 B1B4C1 0.84
8.400002 23.52 5.840001 ED9181 0.84
-8.400002 23.52 5.839999 B0B3C0 0.84
