-8.82 0.1 -5.145 FFC601 0.7
-8.82 0.1 5.145 FFC601 0.7
-8.82 0.835 -5.145 FFC601 0.7
-8.82 0.835 5.145 FFC601 0.7
-8.82 2.305 -4.41 FFC601 0.7
-6.615 2.305 0 A98143 0.7
-8.82 2.305 4.41 FFC601 0.7
-6.615 3.04 0 585858 0.7
-8.82 3.775 -3.675 FFC601 0.7
-6.615 3.775 0 585858 0.7
-8.82 3.775 3.675 FFC601 0.7
-6.615 4.51 0 585858 0.7
-8.82 5.245 -2.94 FFC601 0.7
-6.615 5.245 0 585858 0.7
-8.82 5.245 2.94 FFC601 0.7
-9.554999 5.98 -2.205 BA4D3D 0.7
-9.554999 5.98 -1.47 BA4D3D 0.7
-9.554999 5.98 -0.735 BA4D3D 0.7
-9.554999 5.98 0 BA4D3D 0.7
-9.554999 5.98 0.735 BA4D3D 0.7
-9.554999 5.98 1.47 BA4D3D 0.7
-9.554999 5.98 2.205 BA4D3D 0.7
-8.82 6.715 -2.205 FFC601 0.7
-6.615 6.715 0 585858 0.7
-8.82 6.715 2.205 FFC601 0.7
-6.615 7.45 0 585858 0.7
-8.82 8.185 -1.47 FFC601 0.7
-6.615 8.185 0 585858 0.7
-8.82 8.185 1.47 FFC601 0.7
-8.82 8.92 -1.47 FFC601 0.7
-6.615 8.92 0 585858 0.7
-8.82 8.92 1.47 FFC601 0.7
-8.82 9.655 -0.735 FFC601 0.7
-6.615 9.655 0 585858 0.7
-8.82 9.655 0.735 FFC601 0.7
-8.82 10.39 -0.735 FFC601 0.7
-6.615 10.39 0 585858 0.7
-8.82 10.39 0.735 FFC601 0.7
-8.82 11.125 0 FFC601 0.7
-8.82 11.86 0 FFC601 0.7
-8.82 1.57 -4.41 EFBC2A 0.7
-8.82 3.04 -3.675 EFBC2A 0.7
-8.82 4.51 -2.94 EFBC2A 0.7
-8.82 5.98 -2.205 EFBC2A 0.7
-8.82 7.45 -1.47 EFBC2A 0.7
-8.82 7.45 1.47 EFBC2A 0.7
-8.82 5.98 2.205 EFBC2A 0.7
-8.82 4.51 2.94 EFBC2A 0.7
-8.82 3.04 3.675 EFBC2A 0.7
-8.82 1.57 4.41 EFBC2A 0.7
8.82 0.1 -5.145 FFC601 0.7
8.82 0.1 5.145 FFC601 0.7
8.82 0.835 -5.145 FFC601 0.7
8.82 0.835 5.145 FFC601 0.7
-8.82 1.57 -5.145 FFDE78 0.7
-8.82 1.57 5.145 FFDE78 0.7
8.82 2.305 -4.41 FFC601 0.7
8.82 2.305 4.41 FFC601 0.7
-8.82 3.04 -4.41 FFDE78 0.7
-8.82 3.04 4.41 FFDE78 0.7
8.82 3.775 -3.675 FFC601 0.7
8.82 3.775 3.675 FFC601 0.7
-8.82 4.51 -3.675 FFDE78 0.7
-8.82 4.51 3.675 FFDE78 0.7
8.82 5.245 -2.94 FFC601 0.7
8.82 5.245 2.94 FFC601 0.7
-8.82 5.98 -2.94 FFDE78 0.7
8.82 5.98 -2.205 BA4D3D 0.7
-8.82 5.98 -1.47 BA4D3D 0.7
8.82 5.98 -1.47 BA4D3D 0.7
-8.82 5.98 -0.735 BA4D3D 0.7
8.82 5.98 -0.735 BA4D3D 0.7
-8.82 5.98 0 BA4D3D 0.7
-6.615 5.98 0 585858 0.7
-8.82 5.98 0.735 BA4D3D 0.7
8.82 5.98 0.735 BA4D3D 0.7
-8.82 5.98 1.47 BA4D3D 0.7
8.82 5.98 1.47 BA4D3D 0.7
8.82 5.98 2.205 BA4D3D 0.7
-8.82 5.98 2.94 FFDE78 0.7
8.82 6.715 -2.205 FFC601 0.7
8.82 6.715 2.205 FFC601 0.7
-8.82 7.45 -2.205 FFDE78 0.7
-8.82 7.45 2.205 FFDE78 0.7
8.82 8.185 -1.47 FFC601 0.7
8.82 8.185 1.47 FFC601 0.7
8.82 8.92 -1.47 FFC601 0.7
-8.82 8.92 0.735 EFBC2A 0.7
-8.82 8.92 -0.735 EFBC2A 0.7
8.82 8.92 1.47 FFC601 0.7
-8.82 9.655 -1.47 FFDE78 0.7
8.82 9.655 -0.735 FFC601 0.7
8.82 9.655 0.735 FFC601 0.7
-8.82 9.655 1.47 FFDE78 0.7
8.82 10.39 -0.735 FFC601 0.7
-8.82 10.39 0 EFBC2A 0.7
8.82 10.39 0.735 FFC601 0.7
-8.82 11.125 -0.735 FFDE78 0.7
-8.82 11.125 0.735 FFDE78 0.7
8.82 11.86 0 FFC601 0.7
-8.085 10.39 0 EFBC2A 0.7
-8.085 11.125 0 FFC600 0.7
8.82 11.125 0 FFC601 0.7
-7.35 10.39 0 EFBC2A 0.7
-7.35 11.125 0 FFC600 0.7
-6.615 2.305 -0.735 8F6B3D 0.7
2.205 2.305 0 A98143 0.7
-6.615 2.305 0.735 8F6B3D 0.7
-6.615 11.125 0 FFC600 0.7
-5.88 2.305 0 8F6B3D 0.7
-5.88 2.305 -0.735 8F6B3D 0.7
-5.88 10.39 0 EFBC2A 0.7
-5.88 2.305 0.735 8F6B3D 0.7
-5.88 3.04 0 585858 0.7
-2.94 3.04 0 585858 0.7
-5.88 3.775 0 585858 0.7
-2.94 3.775 0 585858 0.7
-5.88 4.51 0 585858 0.7
-2.94 4.51 0 585858 0.7
-5.88 5.245 0 585858 0.7
-2.94 5.245 0 585858 0.7
-5.88 5.98 0 585858 0.7
-2.94 5.98 0 585858 0.7
-5.88 6.715 0 585858 0.7
-2.94 6.715 0 585858 0.7
-5.88 7.45 0 585858 0.7
-2.94 7.45 0 585858 0.7
-5.88 8.185 0 585858 0.7
-2.94 8.185 0 585858 0.7
-5.88 8.92 0 585858 0.7
-2.94 8.92 0 585858 0.7
-5.88 9.655 0 585858 0.7
-2.94 9.655 0 585858 0.7
-2.94 10.39 0 585858 0.7
-5.88 11.125 0 FFC600 0.7
-5.145 2.305 0 8F6B3D 0.7
-5.145 2.305 -0.735 8F6B3D 0.7
-5.145 10.39 0 EFBC2A 0.7
-5.145 2.305 0.735 8F6B3D 0.7
-5.145 11.125 0 FFC600 0.7
-4.41 2.305 0 8F6B3D 0.7
-4.41 2.305 -0.735 8F6B3D 0.7
-4.41 10.39 0 EFBC2A 0.7
-4.41 2.305 0.735 8F6B3D 0.7
-4.41 11.125 0 FFC600 0.7
-3.675 2.305 0 8F6B3D 0.7
-3.675 2.305 -0.735 8F6B3D 0.7
-3.675 10.39 0 EFBC2A 0.7
-3.675 2.305 0.735 8F6B3D 0.7
-3.675 11.125 0 FFC600 0.7
-2.94 2.305 0 8F6B3D 0.7
-2.94 2.305 -0.735 8F6B3D 0.7
-2.94 2.305 0.735 8F6B3D 0.7
-2.94 11.125 0 FFC600 0.7
-2.205 2.305 0 8F6B3D 0.7
-2.205 2.305 -0.735 8F6B3D 0.7
-2.205 10.39 0 EFBC2A 0.7
-2.205 2.305 0.735 8F6B3D 0.7
-2.205 3.04 0 585858 0.7
2.205 3.04 0 585858 0.7
-2.205 3.775 0 585858 0.7
2.205 3.775 0 585858 0.7
-2.205 4.51 0 585858 0.7
2.205 4.51 0 585858 0.7
-2.205 5.245 0 585858 0.7
2.205 5.245 0 585858 0.7
-2.205 5.98 0 585858 0.7
2.205 5.98 0 585858 0.7
-2.205 6.715 0 585858 0.7
2.205 6.715 0 585858 0.7
-2.205 7.45 0 585858 0.7
2.205 7.45 0 585858 0.7
-2.205 8.185 0 585858 0.7
2.205 8.185 0 585858 0.7
-2.205 8.92 0 585858 0.7
2.205 8.92 0 585858 0.7
-2.205 9.655 0 585858 0.7
2.205 9.655 0 585858 0.7
2.205 10.39 0 585858 0.7
-2.205 11.125 0 FFC600 0.7
-1.47 10.39 0 EFBC2A 0.7
-1.47 11.125 0 FFC600 0.7
-0.735 10.39 0 EFBC2A 0.7
-0.735 11.125 0 FFC600 0.7
0 10.39 0 EFBC2A 0.7
0 11.125 0 FFC600 0.7
0.735 10.39 0 EFBC2A 0.7
0.735 11.125 0 FFC600 0.7
1.47 10.39 0 EFBC2A 0.7
1.47 11.125 0 FFC600 0.7
2.205 2.305 -0.735 8F6B3D 0.7
2.205 2.305 0.735 8F6B3D 0.7
2.205 11.125 0 FFC600 0.7
2.94 2.305 0 8F6B3D 0.7
2.94 2.305 -0.735 8F6B3D 0.7
2.94 10.39 0 EFBC2A 0.7
2.94 2.305 0.735 8F6B3D 0.7
2.94 3.04 0 585858 0.7
5.88 3.04 0 585858 0.7
2.94 3.775 0 585858 0.7
5.88 3.775 0 585858 0.7
2.94 4.51 0 585858 0.7
5.88 4.51 0 585858 0.7
2.94 5.245 0 585858 0.7
5.88 5.245 0 585858 0.7
2.94 5.98 0 585858 0.7
5.88 5.98 0 585858 0.7
2.94 6.715 0 585858 0.7
5.88 6.715 0 585858 0.7
2.94 7.45 0 585858 0.7
5.88 7.45 0 585858 0.7
2.94 8.185 0 585858 0.7
5.88 8.185 0 585858 0.7
2.94 8.92 0 585858 0.7
5.88 8.92 0 585858 0.7
2.94 9.655 0 585858 0.7
5.88 9.655 0 585858 0.7
5.88 10.39 0 585858 0.7
2.94 11.125 0 FFC600 0.7
3.675 2.305 0 8F6B3D 0.7
3.675 2.305 -0.735 8F6B3D 0.7
3.675 10.39 0 EFBC2A 0.7
3.675 2.305 0.735 8F6B3D 0.7
3.675 11.125 0 FFC600 0.7
4.41 2.305 0 8F6B3D 0.7
4.41 2.305 -0.735 8F6B3D 0.7
4.41 10.39 0 EFBC2A 0.7
4.41 2.305 0.735 8F6B3D 0.7
4.41 11.125 0 FFC600 0.7
5.145 2.305 0 8F6B3D 0.7
5.145 2.305 -0.735 8F6B3D 0.7
5.145 10.39 0 EFBC2A 0.7
5.145 2.305 0.735 8F6B3D 0.7
5.145 11.125 0 FFC600 0.7
5.88 2.305 0 8F6B3D 0.7
5.88 2.305 -0.735 8F6B3D 0.7
5.88 2.305 0.735 8F6B3D 0.7
5.88 11.125 0 FFC600 0.7
6.615 2.305 0 8F6B3D 0.7
6.615 2.305 -0.735 8F6B3D 0.7
6.615 10.39 0 EFBC2A 0.7
6.615 2.305 0.735 8F6B3D 0.7
6.615 3.04 0 585858 0.7
6.615 3.775 0 585858 0.7
6.615 4.51 0 585858 0.7
6.615 5.245 0 585858 0.7
6.615 5.98 0 585858 0.7
8.82 5.98 0 BA4D3D 0.7
6.615 6.715 0 585858 0.7
6.615 7.45 0 585858 0.7
6.615 8.185 0 585858 0.7
6.615 8.92 0 585858 0.7
6.615 9.655 0 585858 0.7
6.615 11.125 0 FFC600 0.7
7.35 10.39 0 EFBC2A 0.7
7.35 11.125 0 FFC600 0.7
8.085 10.39 0 EFBC2A 0.7
8.085 11.125 0 FFC600 0.7
8.82 1.57 -4.41 EFBC2A 0.7
8.82 3.04 -3.675 EFBC2A 0.7
8.82 4.51 -2.94 EFBC2A 0.7
8.82 7.45 -1.47 EFBC2A 0.7
8.82 7.45 1.47 EFBC2A 0.7
8.82 4.51 2.94 EFBC2A 0.7
8.82 3.04 3.675 EFBC2A 0.7
8.82 1.57 4.41 EFBC2A 0.7
8.82 1.57 -5.145 FFDE78 0.7
8.82 1.57 5.145 FFDE78 0.7
8.82 3.04 -4.41 FFDE78 0.7
8.82 3.04 4.41 FFDE78 0.7
8.82 4.51 -3.675 FFDE78 0.7
8.82 4.51 3.675 FFDE78 0.7
8.82 5.98 -2.94 FFDE78 0.7
8.82 5.98 2.94 FFDE78 0.7
8.82 7.45 -2.205 FFDE78 0.7
8.82 7.45 2.205 FFDE78 0.7
8.82 8.92 0.735 EFBC2A 0.7
8.82 8.92 -0.735 EFBC2A 0.7
8.82 9.655 -1.47 FFDE78 0.7
8.82 9.655 1.47 FFDE78 0.7
8.82 10.39 0 EFBC2A 0.7
8.82 11.125 -0.735 FFDE78 0.7
8.82 11.125 0.735 FFDE78 0.7
9.554999 5.98 -2.205 BA4D3D 0.7
9.554999 5.98 -1.47 BA4D3D 0.7
9.554999 5.98 -0.735 BA4D3D 0.7
9.554999 5.98 0 BA4D3D 0.7
9.554999 5.98 0.735 BA4D3D 0.7
9.554999 5.98 1.47 BA4D3D 0.7
9.554999 5.98 2.205 BA4D3D 0.7
