-5.775001 0.675 2.100001 623D33 0.5
-5.25 0.675 2.100001 393937 0.5
1.05 0.675 2.1 623D33 0.5
1.575001 0.675 2.1 393937 0.5
-5.775001 1.2 2.100001 623D33 0.5
1.05 1.2 1.575 623D33 0.5
-5.775001 1.725 2.100001 623D33 0.5
1.05 1.725 1.575 7E4D3F 0.5
-5.775001 2.25 2.100001 7E4D3F 0.5
1.05 2.25 2.1 7E4D3F 0.5
-5.775001 2.775 2.100001 7E4D3F 0.5
1.05 2.775 2.1 7E4D3F 0.5
-6.300001 3.3 2.100001 7E4D3F 0.5
-5.775001 3.3 2.100001 7E4D3F 0.5
1.05 3.3 2.1 7E4D3F 0.5
-6.300001 3.825 2.100001 7E4D3F 0.5
-5.775001 3.825 2.100001 7E4D3F 0.5
1.05 3.825 2.1 7E4D3F 0.5
-6.300001 4.35 2.100001 945B4A 0.5
-5.775001 4.35 2.100001 945B4A 0.5
1.05 4.35 2.1 945B4A 0.5
1.575001 4.35 2.1 945B4A 0.5
-6.300001 4.875 2.100001 945B4A 0.5
-5.775001 4.875 2.100001 945B4A 0.5
-5.25 4.875 2.100001 945B4A 0.5
1.05 4.875 2.1 945B4A 0.5
1.575001 4.875 2.1 945B4A 0.5
-5.775001 5.4 2.100001 945B4A 0.5
-5.25 5.4 2.100001 945B4A 0.5
-4.725 5.4 2.100001 945B4A 0.5
1.05 5.4 2.1 945B4A 0.5
1.575001 5.4 2.1 945B4A 0.5
-5.775001 5.925 2.100001 A46B55 0.5
-5.25 5.925 2.100001 A46B55 0.5
-4.725 5.925 2.100001 A46B55 0.5
-4.2 5.925 2.100001 A46B55 0.5
1.05 5.925 2.1 A46B55 0.5
1.575001 5.925 2.1 A46B55 0.5
-6.300001 6.45 2.100001 A46B55 0.5
-5.775001 6.45 2.100001 A46B55 0.5
-5.25 6.45 2.100001 A46B55 0.5
-4.725 6.45 2.100001 A46B55 0.5
-4.2 6.45 2.100001 A46B55 0.5
-3.675 6.45 1.575001 C0B5A1 0.5
-3.15 6.45 1.575001 C0B5A1 0.5
-2.625 6.45 1.575001 C0B5A1 0.5
-2.1 6.45 1.575001 C0B5A1 0.5
-1.575 6.45 1.575001 C0B5A1 0.5
-1.05 6.45 1.575 C0B5A1 0.5
-0.5249998 6.45 1.575 C0B5A1 0.5
2.384186E-07 6.45 1.575 C0B5A1 0.5
0.5250003 6.45 1.575 C0B5A1 0.5
1.05 6.45 2.1 A46B55 0.5
1.575001 6.45 2.1 A46B55 0.5
2.1 6.45 2.1 A46B55 0.5
-6.300001 6.975 2.100001 A46B55 0.5
-5.775001 6.975 2.100001 A46B55 0.5
-5.25 6.975 2.100001 A46B55 0.5
-4.725 6.975 2.100001 A46B55 0.5
-4.2 6.975 2.100001 A46B55 0.5
-3.675 6.975 1.575001 A46B55 0.5
-3.15 6.975 1.575001 A46B55 0.5
-2.625 6.975 1.575001 A46B55 0.5
-2.1 6.975 1.575001 A46B55 0.5
-1.575 6.975 1.575001 A46B55 0.5
-1.05 6.975 1.575 A46B55 0.5
-0.5249998 6.975 1.575 A46B55 0.5
2.384186E-07 6.975 1.575 A46B55 0.5
0.5250003 6.975 2.1 A46B55 0.5
1.05 6.975 2.1 A46B55 0.5
1.575001 6.975 2.1 A46B55 0.5
2.1 6.975 2.1 A46B55 0.5
2.625 6.975 1.575 C0B5A1 0.5
3.150001 6.975 1.05 C0B5A1 0.5
-6.825001 7.5 2.100001 A46B55 0.5
-6.300001 7.5 2.100001 A46B55 0.5
-5.775001 7.5 2.100001 A46B55 0.5
-5.25 7.5 2.100001 A46B55 0.5
-4.725 7.5 2.100001 A46B55 0.5
-4.2 7.5 2.100001 A46B55 0.5
-3.675 7.5 1.575001 A46B55 0.5
-3.15 7.5 1.575001 A46B55 0.5
-2.625 7.5 1.575001 A46B55 0.5
-2.1 7.5 1.575001 A46B55 0.5
-1.575 7.5 1.575001 A46B55 0.5
-1.05 7.5 1.575 A46B55 0.5
-0.5249998 7.5 1.575 A46B55 0.5
2.384186E-07 7.5 1.575 A46B55 0.5
0.5250003 7.5 2.1 A46B55 0.5
1.05 7.5 2.1 A46B55 0.5
1.575001 7.5 2.1 A46B55 0.5
2.1 7.5 2.1 A46B55 0.5
2.625 7.5 1.575 A46B55 0.5
3.150001 7.5 1.575 A46B55 0.5
-6.825001 8.025 2.100001 A46B55 0.5
-6.300001 8.025 2.100001 A46B55 0.5
-5.775001 8.025 2.100001 A46B55 0.5
-5.25 8.025 2.100001 A46B55 0.5
-4.725 8.025 2.100001 A46B55 0.5
-4.2 8.025 2.100001 A46B55 0.5
-3.675 8.025 1.575001 A46B55 0.5
-3.15 8.025 1.575001 A46B55 0.5
-2.625 8.025 1.575001 A46B55 0.5
-2.1 8.025 1.575001 A46B55 0.5
-1.575 8.025 1.575001 A46B55 0.5
-1.05 8.025 1.575 A46B55 0.5
-0.5249998 8.025 1.575 A46B55 0.5
2.384186E-07 8.025 1.575 A46B55 0.5
0.5250003 8.025 2.1 A46B55 0.5
1.05 8.025 2.1 A46B55 0.5
1.575001 8.025 2.1 B27C60 0.5
2.1 8.025 2.1 B27C60 0.5
2.625 8.025 1.575 A46B55 0.5
3.150001 8.025 1.575 A46B55 0.5
-7.875001 8.549999 0.525001 CABEA9 0.5
-6.825001 8.549999 2.100001 A46B55 0.5
-6.300001 8.549999 2.100001 A46B55 0.5
-5.775001 8.549999 2.100001 A46B55 0.5
-5.25 8.549999 2.100001 A46B55 0.5
-4.725 8.549999 2.100001 A46B55 0.5
-4.2 8.549999 2.100001 A46B55 0.5
-3.675 8.549999 1.575001 A46B55 0.5
-3.15 8.549999 1.575001 A46B55 0.5
-2.625 8.549999 1.575001 A46B55 0.5
-2.1 8.549999 1.575001 A46B55 0.5
-1.575 8.549999 1.575001 A46B55 0.5
-1.05 8.549999 1.575 A46B55 0.5
-0.5249998 8.549999 1.575 A46B55 0.5
2.384186E-07 8.549999 1.575 A46B55 0.5
0.5250003 8.549999 2.1 B27C60 0.5
1.05 8.549999 2.1 B27C60 0.5
1.575001 8.549999 2.1 B27C60 0.5
2.1 8.549999 2.1 B27C60 0.5
2.625 8.549999 1.575 A46B55 0.5
3.150001 8.549999 1.575 A46B55 0.5
3.675001 8.549999 1.049999 A46B55 0.5
-7.875001 9.075 0.525001 7E4D3F 0.5
-7.350001 9.075 0.525001 CABEA9 0.5
-6.825001 9.075 2.100001 A46B55 0.5
-6.300001 9.075 2.100001 A46B55 0.5
-5.775001 9.075 2.100001 A46B55 0.5
-5.25 9.075 2.100001 A46B55 0.5
-4.725 9.075 2.100001 A46B55 0.5
-4.2 9.075 2.100001 A46B55 0.5
-3.675 9.075 1.575001 A46B55 0.5
-3.15 9.075 1.575001 A46B55 0.5
-2.625 9.075 1.575001 A46B55 0.5
-2.1 9.075 1.575001 A46B55 0.5
-1.575 9.075 1.575001 A46B55 0.5
-1.05 9.075 1.575 A46B55 0.5
-0.5249998 9.075 1.575 A46B55 0.5
2.384186E-07 9.075 1.575 A46B55 0.5
0.5250003 9.075 2.1 B27C60 0.5
1.05 9.075 2.1 B27C60 0.5
1.575001 9.075 2.1 B27C60 0.5
2.1 9.075 2.1 B27C60 0.5
2.625 9.075 1.575 A46B55 0.5
3.150001 9.075 1.575 A46B55 0.5
3.675001 9.075 1.049999 A46B55 0.5
-7.350001 9.599999 0.525001 CABEA9 0.5
-6.825001 9.599999 2.100001 B27C60 0.5
-6.300001 9.599999 2.100001 B27C60 0.5
-5.775001 9.599999 2.100001 B27C60 0.5
-5.25 9.599999 2.100001 B27C60 0.5
-4.725 9.599999 2.100001 B27C60 0.5
-4.2 9.599999 2.100001 B27C60 0.5
-3.675 9.599999 1.575001 A46B55 0.5
-3.15 9.599999 1.575001 A46B55 0.5
-2.625 9.599999 1.575001 A46B55 0.5
-2.1 9.599999 1.575001 A46B55 0.5
-1.575 9.599999 1.575001 A46B55 0.5
-1.05 9.599999 1.575 A46B55 0.5
-0.5249998 9.599999 1.575 A46B55 0.5
2.384186E-07 9.599999 1.575 A46B55 0.5
0.5250003 9.599999 2.1 B27C60 0.5
1.05 9.599999 2.1 B27C60 0.5
1.575001 9.599999 1.575 A46B55 0.5
2.1 9.599999 1.575 A46B55 0.5
2.625 9.599999 1.575 A46B55 0.5
3.150001 9.599999 1.575 A46B55 0.5
3.675001 9.599999 1.049999 A46B55 0.5
-6.825001 10.125 0.525001 945B4A 0.5
-6.300001 10.125 1.575001 A46B55 0.5
-5.775001 10.125 2.100001 B27C60 0.5
-5.25 10.125 2.100001 B27C60 0.5
-4.725 10.125 2.100001 B27C60 0.5
-4.2 10.125 1.575001 A46B55 0.5
-3.675 10.125 1.575001 A46B55 0.5
-3.15 10.125 1.575001 A46B55 0.5
-2.625 10.125 1.575001 A46B55 0.5
-2.1 10.125 1.575001 A46B55 0.5
-1.575 10.125 1.575001 A46B55 0.5
-1.05 10.125 1.575 A46B55 0.5
-0.5249998 10.125 1.575 A46B55 0.5
2.384186E-07 10.125 1.575 A46B55 0.5
0.5250003 10.125 1.575 A46B55 0.5
1.05 10.125 1.575 A46B55 0.5
1.575001 10.125 1.575 A46B55 0.5
2.1 10.125 1.575 A46B55 0.5
2.625 10.125 1.575 A46B55 0.5
3.150001 10.125 1.05 A46B55 0.5
3.675001 10.125 1.049999 A46B55 0.5
4.2 10.125 1.05 A46B55 0.5
2.384186E-07 10.65 1.575 A46B55 0.5
0.5250003 10.65 1.575 A46B55 0.5
1.05 10.65 1.575 A46B55 0.5
1.575001 10.65 1.575 A46B55 0.5
2.1 10.65 1.575 A46B55 0.5
2.625 10.65 1.575 A46B55 0.5
3.150001 10.65 1.05 A46B55 0.5
3.675001 10.65 1.049999 A46B55 0.5
4.2 10.65 1.05 A46B55 0.5
1.575 11.175 1.05 A46B55 0.5
2.1 11.175 1.05 A46B55 0.5
2.625 11.175 1.05 A46B55 0.5
3.150001 11.175 1.05 A46B55 0.5
3.675001 11.175 1.049999 A46B55 0.5
4.2 11.175 1.05 A46B55 0.5
2.1 11.7 1.05 A46B55 0.5
2.625 11.7 1.05 A46B55 0.5
3.150001 11.7 1.05 A46B55 0.5
3.675001 11.7 1.049999 A46B55 0.5
4.2 11.7 1.05 A46B55 0.5
4.725 11.7 1.05 A46B55 0.5
2.625 12.225 1.05 A46B55 0.5
3.150001 12.225 1.05 A46B55 0.5
3.675001 12.225 1.049999 A46B55 0.5
4.2 12.225 1.05 A46B55 0.5
4.725 12.225 1.05 A46B55 0.5
5.25 12.225 1.05 945B4A 0.5
5.775001 12.225 1.05 A46B55 0.5
6.300001 12.225 0.5249991 CABEA9 0.5
6.825001 12.225 0.5249991 CABEA9 0.5
7.350001 12.225 0.5249991 343434 0.5
3.150001 12.75 1.05 A46B55 0.5
3.675001 12.75 1.049999 A46B55 0.5
4.2 12.75 1.05 A46B55 0.5
4.725 12.75 1.05 A46B55 0.5
5.25 12.75 1.05 A46B55 0.5
5.775001 12.75 1.05 A46B55 0.5
6.300001 12.75 1.049999 A46B55 0.5
6.825001 12.75 0.5249991 CABEA9 0.5
7.350001 12.75 0.5249991 343434 0.5
3.675001 13.275 1.049999 A46B55 0.5
4.2 13.275 1.05 A46B55 0.5
4.725 13.275 1.05 A46B55 0.5
5.25 13.275 1.05 A46B55 0.5
5.775001 13.275 1.05 A46B55 0.5
6.300001 13.275 1.049999 A46B55 0.5
6.825001 13.275 0.5249991 A46B55 0.5
4.2 13.8 1.05 A46B55 0.5
4.725 13.8 1.05 A46B55 0.5
5.25 13.8 1.05 623D33 0.5
5.775001 13.8 1.05 A46B55 0.5
6.300001 13.8 1.049999 A46B55 0.5
4.2 14.325 1.05 C0B5A1 0.5
4.725 14.325 1.05 C0B5A1 0.5
5.25 14.325 1.05 A46B55 0.5
4.200001 14.85 1.575 C0B5A1 0.5
4.725 14.85 1.05 543F21 0.5
4.200001 15.375 1.575 543F21 0.5
5.25 15.375 1.05 543F21 0.5
3.675001 15.9 1.575 543F21 0.5
4.200001 15.9 1.575 543F21 0.5
5.25 15.9 1.05 73572E 0.5
3.675001 16.425 2.1 543F21 0.5
3.675001 16.95 2.1 543F21 0.5
4.200001 16.95 2.1 684E29 0.5
3.675001 17.475 2.1 543F21 0.5
4.725 17.475 1.575 684E29 0.5
3.675001 18 2.625 543F21 0.5
3.675001 18.525 2.625 543F21 0.5
-6.825001 6.975 2.100001 945B4A 0.5
-5.25 0.15 2.100001 121110 0.5
2.384186E-07 8.549999 2.1 945B4A 0.5
0.5250003 6.45 2.1 945B4A 0.5
-4.2 5.925 -1.05 A46B55 0.5
-6.300001 6.45 -1.049999 A46B55 0.5
-5.775001 6.45 -1.05 A46B55 0.5
-5.25 6.45 -1.05 A46B55 0.5
-4.725 6.45 -1.05 A46B55 0.5
-4.2 6.45 -1.05 A46B55 0.5
-3.675 6.45 2.100001 945B4A 0.5
1.575 6.45 1.05 C0B5A1 0.5
2.1 6.45 1.05 C0B5A1 0.5
-6.300001 6.975 1.575001 A46B55 0.5
-5.775001 6.975 1.575001 A46B55 0.5
-5.25 6.975 1.575001 A46B55 0.5
-4.725 6.975 1.575001 A46B55 0.5
-4.2 6.975 1.575001 A46B55 0.5
-3.675 6.975 2.100001 945B4A 0.5
0.5250003 6.975 1.575 A46B55 0.5
1.05 6.975 1.575 A46B55 0.5
1.575001 6.975 1.575 C0B5A1 0.5
2.1 6.975 1.575 C0B5A1 0.5
-6.825001 7.5 -1.049999 A46B55 0.5
-6.300001 7.5 1.575001 A46B55 0.5
-5.775001 7.5 1.575001 A46B55 0.5
-5.25 7.5 1.575001 A46B55 0.5
-4.725 7.5 1.575001 A46B55 0.5
-4.2 7.5 1.575001 A46B55 0.5
-3.675 7.5 2.100001 945B4A 0.5
0.5250003 7.5 1.575 A46B55 0.5
1.05 7.5 1.575 A46B55 0.5
1.575001 7.5 1.575 A46B55 0.5
2.1 7.5 1.575 A46B55 0.5
2.625 7.5 2.1 945B4A 0.5
-7.35 8.025 2.100001 945B4A 0.5
-6.825001 8.025 -1.049999 A46B55 0.5
2.384186E-07 8.025 2.1 945B4A 0.5
-6.300001 8.025 1.575001 A46B55 0.5
-5.775001 8.025 1.575001 A46B55 0.5
-5.25 8.025 1.575001 A46B55 0.5
-4.725 8.025 1.575001 A46B55 0.5
-4.2 8.025 1.575001 A46B55 0.5
-3.675 8.025 2.100001 945B4A 0.5
0.5250003 8.025 1.575 A46B55 0.5
1.05 8.025 1.575 A46B55 0.5
1.575001 8.025 1.575 A46B55 0.5
2.1 8.025 1.575 A46B55 0.5
2.625 8.025 2.1 A46B55 0.5
-7.35 8.549999 2.100001 945B4A 0.5
-6.825001 8.549999 1.050001 A46B55 0.5
-6.300001 8.549999 1.575001 A46B55 0.5
-5.775001 8.549999 1.575001 A46B55 0.5
-5.25 8.549999 1.575001 A46B55 0.5
-4.725 8.549999 1.575001 A46B55 0.5
-4.2 8.549999 1.575001 A46B55 0.5
-3.675 8.549999 2.100001 945B4A 0.5
0.5250003 8.549999 1.575 A46B55 0.5
1.05 8.549999 1.575 A46B55 0.5
1.575001 8.549999 1.575 A46B55 0.5
-7.35 9.075 2.100001 945B4A 0.5
-6.825001 9.075 1.050001 A46B55 0.5
-6.300001 9.075 1.575001 A46B55 0.5
-5.775001 9.075 1.575001 A46B55 0.5
-5.25 9.075 1.575001 A46B55 0.5
-4.725 9.075 1.575001 A46B55 0.5
-4.2 9.075 1.575001 A46B55 0.5
-3.675 9.075 2.100001 945B4A 0.5
3.675 16.95 -1.575001 543F21 0.5
3.675 17.475 -1.575001 543F21 0.5
3.675001 18 2.1 684E29 0.5
3.675 18 -2.100001 543F21 0.5
3.675001 18.525 2.1 543F21 0.5
3.675 18.525 -2.100001 543F21 0.5
-6.825001 6.975 1.575001 945B4A 0.5
-6.300001 3.3 1.575001 623D33 0.5
-5.775001 0.15 1.575001 121110 0.5
-5.25 0.15 1.575001 121110 0.5
-4.725 4.875 1.575001 7E4D3F 0.5
-4.2 5.925 1.575001 7E4D3F 0.5
-1.575 5.925 1.575001 AA9F83 0.5
-1.05 5.925 1.575 C0B5A1 0.5
1.05 0.15 1.575 121110 0.5
1.575001 0.15 1.575 121110 0.5
2.1 6.45 1.575 945B4A 0.5
4.725 16.95 1.575 41321B 0.5
-5.775001 0.675 1.575001 4A2E28 0.5
-5.775001 1.725 1.575001 4A2E28 0.5
-5.775001 0.675 -1.05 623D33 0.5
-5.25 4.35 1.575001 7E4D3F 0.5
-5.25 0.675 -1.05 393937 0.5
1.05 0.675 1.575 4A2E28 0.5
-4.725 0.675 1.575001 2C2B29 0.5
1.05 0.675 -1.05 623D33 0.5
1.575001 0.675 1.575 2C2B29 0.5
1.575 0.675 -1.05 393937 0.5
-5.775001 1.2 1.575001 4A2E28 0.5
-5.775001 1.2 -1.05 623D33 0.5
-5.25 1.2 1.575001 4A2E28 0.5
1.05 1.2 -1.05 623D33 0.5
1.575001 3.825 1.575 623D33 0.5
1.575001 1.2 1.575 4A2E28 0.5
-5.775001 1.725 -1.05 623D33 0.5
-5.25 1.725 1.575001 4A2E28 0.5
1.05 3.825 1.575 623D33 0.5
1.05 1.725 -1.05 7E4D3F 0.5
1.575001 1.725 1.575 4A2E28 0.5
-6.300001 2.25 1.575001 623D33 0.5
-5.775001 3.825 1.575001 623D33 0.5
-5.775001 2.25 -1.05 7E4D3F 0.5
1.05 2.25 1.575 623D33 0.5
-5.25 2.25 1.575001 623D33 0.5
1.05 2.25 -1.05 7E4D3F 0.5
1.575001 2.25 1.575 623D33 0.5
-6.300001 2.775 1.575001 623D33 0.5
-5.775001 2.775 -1.05 7E4D3F 0.5
1.05 2.775 1.575 623D33 0.5
-5.775001 2.775 1.575001 623D33 0.5
1.05 2.775 -1.05 7E4D3F 0.5
1.575001 2.775 1.575 623D33 0.5
-6.300001 3.825 1.575001 623D33 0.5
-6.300001 3.3 -1.049999 7E4D3F 0.5
1.05 3.3 1.575 623D33 0.5
-5.775001 3.3 -1.05 7E4D3F 0.5
-5.775001 3.3 1.575001 623D33 0.5
1.05 3.3 -1.05 7E4D3F 0.5
1.575001 3.3 1.575 623D33 0.5
-6.300001 3.825 -1.049999 7E4D3F 0.5
-5.775001 3.825 -1.05 7E4D3F 0.5
1.05 3.825 -1.05 7E4D3F 0.5
-6.300001 4.35 1.575001 7E4D3F 0.5
-6.300001 6.45 1.575001 945B4A 0.5
-6.300001 4.35 -1.049999 945B4A 0.5
1.05 4.35 1.575 7E4D3F 0.5
-5.775001 5.925 1.575001 7E4D3F 0.5
-5.775001 4.35 -1.05 945B4A 0.5
1.05 5.925 1.575 7E4D3F 0.5
1.05 4.35 -1.05 945B4A 0.5
1.575001 5.925 1.575 7E4D3F 0.5
1.575 4.35 -1.05 945B4A 0.5
1.575001 4.35 1.575 7E4D3F 0.5
-6.300001 4.875 1.575001 7E4D3F 0.5
-6.300001 4.875 -1.049999 945B4A 0.5
1.05 4.875 1.575 7E4D3F 0.5
-5.775001 4.875 -1.05 945B4A 0.5
-5.25 5.925 1.575001 7E4D3F 0.5
-5.25 4.875 -1.05 945B4A 0.5
1.05 4.875 -1.05 945B4A 0.5
1.575 4.875 -1.05 945B4A 0.5
1.575001 4.875 1.575 7E4D3F 0.5
-6.300001 5.4 1.575001 7E4D3F 0.5
-5.775001 5.4 -1.05 945B4A 0.5
1.05 5.4 1.575 7E4D3F 0.5
-5.25 5.4 -1.05 945B4A 0.5
-4.725 5.925 1.575001 7E4D3F 0.5
-4.725 5.4 -1.05 945B4A 0.5
-4.725 5.4 1.575001 7E4D3F 0.5
1.05 5.4 -1.05 945B4A 0.5
1.575 5.4 -1.05 945B4A 0.5
1.575001 5.4 1.575 7E4D3F 0.5
-5.775001 6.45 1.575001 AA9F83 0.5
-5.775001 5.925 -1.05 A46B55 0.5
0.5250003 5.925 1.575 945B4A 0.5
-5.25 6.45 1.575001 AA9F83 0.5
-5.25 5.925 -1.05 A46B55 0.5
-4.725 6.45 1.575001 AA9F83 0.5
-4.725 5.925 -1.05 A46B55 0.5
-4.2 6.45 1.575001 AA9F83 0.5
1.05 5.925 -1.05 A46B55 0.5
1.575 5.925 -1.05 A46B55 0.5
2.1 5.925 1.575 945B4A 0.5
1.05 6.45 1.05 C0B5A1 0.5
-5.775001 6.975 -1.05 A46B55 0.5
-5.25 6.975 -1.05 A46B55 0.5
-4.725 6.975 -1.05 A46B55 0.5
0.5249999 6.975 -1.05 A46B55 0.5
1.05 6.975 -1.05 A46B55 0.5
-6.825001 7.5 1.575001 945B4A 0.5
-5.775001 7.5 -1.05 A46B55 0.5
-5.25 7.5 -1.05 A46B55 0.5
0.5249999 7.5 -1.05 A46B55 0.5
-7.35 8.025 1.575001 945B4A 0.5
-5.775001 8.025 -1.05 A46B55 0.5
-5.25 8.025 -1.05 A46B55 0.5
0.5249999 8.025 -1.05 A46B55 0.5
-7.35 8.549999 1.575001 945B4A 0.5
-6.300001 8.549999 -1.049999 A46B55 0.5
-5.775001 8.549999 -1.05 A46B55 0.5
-5.25 8.549999 -1.05 A46B55 0.5
0.5249999 8.549999 -1.05 A46B55 0.5
2.1 8.549999 1.575 A46B55 0.5
-7.35 9.075 1.575001 945B4A 0.5
-6.300001 9.075 -1.049999 A46B55 0.5
-5.775001 9.075 -1.05 A46B55 0.5
-5.25 9.075 -1.05 A46B55 0.5
0.5249999 9.075 -1.05 A46B55 0.5
1.05 9.075 1.575 A46B55 0.5
0.5250003 9.075 1.575 A46B55 0.5
1.575001 9.075 1.575 A46B55 0.5
2.1 9.075 1.575 A46B55 0.5
-6.825001 9.599999 1.575001 A46B55 0.5
-6.825001 9.599999 1.050001 A46B55 0.5
-6.300001 9.599999 1.575001 A46B55 0.5
-6.300001 9.599999 -1.049999 A46B55 0.5
-5.775001 9.599999 -1.05 A46B55 0.5
-5.25 9.599999 -1.05 A46B55 0.5
-4.725 9.599999 1.575001 A46B55 0.5
-4.2 9.599999 1.575001 A46B55 0.5
0.5250003 9.599999 1.575 A46B55 0.5
1.05 9.599999 1.575 A46B55 0.5
-6.300001 10.125 0.525001 945B4A 0.5
-5.775001 10.125 -1.05 A46B55 0.5
-5.25 10.125 -1.05 A46B55 0.5
-4.725 10.125 1.575001 A46B55 0.5
-5.775001 10.125 1.575001 B98967 0.5
-5.25 10.65 1.575001 B98967 0.5
-4.725 10.65 1.575001 B98967 0.5
-1.05 10.65 1.575 B98967 0.5
-0.5249998 10.65 1.575 B98967 0.5
3.675001 14.85 1.575 945B4A 0.5
3.675 15.9 -1.05 543F21 0.5
3.675001 16.425 1.575 684E29 0.5
3.675 16.425 -1.05 543F21 0.5
4.200001 16.425 1.575 41321B 0.5
3.675001 16.95 1.575 543F21 0.5
4.200001 16.95 1.575 684E29 0.5
4.2 16.95 -1.575001 543F21 0.5
3.675001 17.475 1.575 543F21 0.5
4.725 17.475 -1.575001 543F21 0.5
-6.825001 6.975 1.050001 945B4A 0.5
-6.300001 6.45 1.050001 945B4A 0.5
-5.775001 5.4 1.050001 945B4A 0.5
-5.25 5.4 1.050001 945B4A 0.5
-4.725 5.4 1.050001 945B4A 0.5
-4.2 5.925 1.050001 7E4D3F 0.5
-3.675 6.45 1.05 AA9F83 0.5
-3.150001 6.45 1.050001 AA9F83 0.5
-2.625 6.45 1.05 AA9F83 0.5
-2.1 5.925 1.05 AA9F83 0.5
-1.575 5.925 1.05 AA9F83 0.5
-1.05 5.925 1.05 AA9F83 0.5
-0.5249999 5.925 1.05 AA9F83 0.5
1.192093E-07 5.925 1.05 AA9F83 0.5
0.5250002 5.925 1.05 AA9F83 0.5
1.05 5.925 1.05 7E4D3F 0.5
1.575 5.925 1.05 7E4D3F 0.5
2.625 6.45 1.05 C0B5A1 0.5
3.675001 7.5 1.049999 B7AB96 0.5
4.2 9.599999 1.05 945B4A 0.5
-5.775001 0.675 1.050001 623D33 0.5
-5.25 0.675 1.050001 393937 0.5
1.05 0.675 1.05 623D33 0.5
1.575 0.675 1.05 393937 0.5
-5.775001 1.2 1.050001 623D33 0.5
1.05 1.2 1.05 623D33 0.5
-5.775001 1.725 1.050001 623D33 0.5
1.05 1.725 1.05 7E4D3F 0.5
-5.775001 2.25 1.050001 7E4D3F 0.5
1.05 2.25 1.05 7E4D3F 0.5
-5.775001 2.775 1.050001 7E4D3F 0.5
1.05 2.775 1.05 7E4D3F 0.5
-6.300001 3.3 1.050001 7E4D3F 0.5
-5.775001 3.3 1.050001 7E4D3F 0.5
1.05 3.3 1.05 7E4D3F 0.5
-6.300001 3.825 1.050001 7E4D3F 0.5
-5.775001 3.825 1.050001 7E4D3F 0.5
1.05 3.825 1.05 7E4D3F 0.5
-6.300001 4.35 1.050001 945B4A 0.5
-5.775001 4.35 1.050001 945B4A 0.5
1.05 4.35 1.05 945B4A 0.5
1.575 4.35 1.05 945B4A 0.5
-6.300001 4.875 1.050001 945B4A 0.5
-5.775001 4.875 1.050001 945B4A 0.5
-5.25 4.875 1.050001 945B4A 0.5
1.05 4.875 1.05 945B4A 0.5
1.575 4.875 1.05 945B4A 0.5
-6.300001 5.4 1.050001 7E4D3F 0.5
-5.775001 5.925 1.050001 7E4D3F 0.5
-5.25 5.925 1.050001 7E4D3F 0.5
-4.725 5.925 1.050001 7E4D3F 0.5
1.05 5.4 1.05 945B4A 0.5
1.575 5.4 1.05 945B4A 0.5
-5.775001 6.45 1.050001 AA9F83 0.5
-5.25 6.45 1.050001 AA9F83 0.5
-4.725 6.45 1.050001 AA9F83 0.5
-4.2 6.45 1.050001 AA9F83 0.5
2.1 5.925 1.05 945B4A 0.5
-2.1 6.45 1.05 B7AB96 0.5
0.5250002 6.45 1.05 945B4A 0.5
1.192093E-07 8.549999 1.05 945B4A 0.5
-0.5249999 6.45 1.05 B98967 0.5
1.05 9.075 1.05 A46B55 0.5
1.05 6.45 -1.05 A46B55 0.5
1.575 8.549999 1.05 A46B55 0.5
1.575 6.45 -1.05 A46B55 0.5
2.1 8.025 1.05 A46B55 0.5
2.1 6.45 -1.05 A46B55 0.5
-6.300001 6.975 -1.049999 A46B55 0.5
-4.725 6.975 1.050001 A46B55 0.5
-4.725 7.5 1.050001 A46B55 0.5
-4.2 6.975 -1.05 A46B55 0.5
-2.1 6.975 1.05 945B4A 0.5
-3.675 6.975 1.05 945B4A 0.5
0.5250002 6.975 1.05 945B4A 0.5
-0.5249999 6.975 1.05 A46B55 0.5
0.5250002 10.125 1.05 A46B55 0.5
1.575 6.975 -1.05 A46B55 0.5
2.1 6.975 -1.05 A46B55 0.5
2.625 7.5 1.05 A46B55 0.5
2.1 6.975 1.05 945B4A 0.5
3.150001 7.5 1.05 A46B55 0.5
-6.825001 7.5 1.050001 945B4A 0.5
-6.825001 8.025 1.050001 B7AB96 0.5
-6.300001 7.5 -1.049999 A46B55 0.5
-4.725 7.5 -1.05 A46B55 0.5
-2.1 7.5 1.05 945B4A 0.5
-4.2 7.5 -1.05 A46B55 0.5
-3.675 7.5 1.05 945B4A 0.5
0.5250002 7.5 1.05 945B4A 0.5
-0.5249999 7.5 1.05 A46B55 0.5
1.05 7.5 -1.05 A46B55 0.5
1.575 7.5 -1.05 A46B55 0.5
2.1 7.5 -1.05 A46B55 0.5
-7.350001 8.025 1.050001 945B4A 0.5
-6.300001 8.025 -1.049999 A46B55 0.5
-4.725 8.025 1.050001 A46B55 0.5
-4.725 8.025 -1.05 A46B55 0.5
-2.1 8.025 1.05 945B4A 0.5
-4.2 8.025 -1.05 A46B55 0.5
-3.675 8.025 1.05 945B4A 0.5
1.192093E-07 8.025 1.05 945B4A 0.5
1.05 8.025 -1.05 A46B55 0.5
1.575 8.025 -1.05 A46B55 0.5
2.1 8.025 -1.05 A46B55 0.5
2.625 8.025 1.05 A46B55 0.5
3.675001 8.025 1.049999 945B4A 0.5
-7.350001 8.549999 1.050001 945B4A 0.5
-6.825001 8.549999 -1.049999 A46B55 0.5
-4.725 8.549999 1.050001 A46B55 0.5
-4.725 8.549999 -1.05 A46B55 0.5
-1.575 8.549999 1.05 945B4A 0.5
-4.2 8.549999 -1.05 A46B55 0.5
-3.675 8.549999 1.05 945B4A 0.5
1.192093E-07 9.075 1.05 A46B55 0.5
1.05 8.549999 -1.05 A46B55 0.5
1.575 8.549999 -1.05 A46B55 0.5
2.1 8.549999 -1.05 A46B55 0.5
2.1 8.549999 1.05 A46B55 0.5
-7.350001 9.075 1.050001 945B4A 0.5
-6.825001 9.075 -1.049999 A46B55 0.5
-4.725 9.075 1.050001 A46B55 0.5
-4.725 9.075 -1.05 A46B55 0.5
-1.575 9.075 1.05 945B4A 0.5
-4.2 9.075 -1.05 A46B55 0.5
-3.675 9.075 1.05 945B4A 0.5
1.05 9.075 -1.05 A46B55 0.5
1.575 9.075 -1.05 A46B55 0.5
2.1 9.075 -1.05 A46B55 0.5
2.1 9.075 1.05 A46B55 0.5
3.150001 9.075 1.05 945B4A 0.5
4.2 9.075 1.05 945B4A 0.5
-6.825001 9.599999 0.525001 CABEA9 0.5
-4.725 9.599999 1.050001 A46B55 0.5
-4.725 9.599999 -1.05 A46B55 0.5
-1.575 9.599999 1.05 945B4A 0.5
-4.2 9.599999 -1.05 A46B55 0.5
-3.675 9.599999 1.05 A46B55 0.5
0.5250002 9.599999 1.05 A46B55 0.5
0.5249999 9.599999 -1.05 A46B55 0.5
1.192093E-07 9.599999 1.05 A46B55 0.5
1.05 9.599999 -1.05 A46B55 0.5
1.575 9.599999 1.05 B98967 0.5
3.150001 9.599999 1.05 945B4A 0.5
-6.300001 10.125 1.050001 A46B55 0.5
-4.725 10.125 1.050001 A46B55 0.5
-4.725 10.125 -1.05 A46B55 0.5
-1.575 10.125 1.05 945B4A 0.5
-4.2 9.599999 1.050001 A46B55 0.5
-4.2 10.125 1.050001 A46B55 0.5
-3.675 10.125 1.05 B27C60 0.5
1.192093E-07 10.125 1.05 A46B55 0.5
1.05 9.599999 1.05 B98967 0.5
1.192093E-07 10.65 1.05 B98967 0.5
-5.775001 10.125 1.050001 B98967 0.5
-5.25 10.65 1.050001 B98967 0.5
-4.725 10.65 1.050001 B98967 0.5
-3.150001 10.125 1.050001 B98967 0.5
-2.625 10.125 1.05 B98967 0.5
-2.1 10.125 1.05 B98967 0.5
-1.05 10.65 1.05 B98967 0.5
-0.5249999 10.65 1.05 B98967 0.5
0.5250002 10.65 1.05 A46B55 0.5
2.625 10.65 1.05 B27C60 0.5
3.675001 13.8 1.049999 945B4A 0.5
1.05 11.175 1.05 B98967 0.5
3.675001 14.325 1.049999 945B4A 0.5
4.2 14.85 1.05 41321B 0.5
4.2 14.325 -0.5250006 A46B55 0.5
5.775001 14.325 1.05 B98967 0.5
4.2 14.85 -1.050001 A46B55 0.5
4.2 15.375 1.05 41321B 0.5
4.2 15.375 -0.5250006 543F21 0.5
4.725 15.375 1.05 684E29 0.5
3.675001 15.9 1.049999 543F21 0.5
4.2 15.9 -1.050001 543F21 0.5
4.2 15.9 1.05 684E29 0.5
3.675001 16.425 1.049999 543F21 0.5
-6.825001 8.025 0.525001 B7AB96 0.5
-6.300001 6.45 0.525001 AA9F83 0.5
-5.775001 6.45 0.5250006 AA9F83 0.5
-5.25 6.45 0.5250006 AA9F83 0.5
-4.725 6.45 0.5250006 AA9F83 0.5
-4.2 6.45 0.5250006 AA9F83 0.5
-3.675 6.45 0.5250006 AA9F83 0.5
-3.150001 6.45 0.5250006 AA9F83 0.5
-2.625 6.45 0.5250003 AA9F83 0.5
-2.1 5.925 0.5250003 AA9F83 0.5
-1.575 5.925 0.5250003 AA9F83 0.5
-1.05 5.925 0.5250002 AA9F83 0.5
-0.525 5.925 0.5250001 AA9F83 0.5
5.960464E-08 5.925 0.525 AA9F83 0.5
0.5250001 5.925 0.5249999 AA9F83 0.5
1.05 5.925 0.525 AA9F83 0.5
1.575 5.925 0.5249999 AA9F83 0.5
2.1 6.45 0.5249999 AA9F83 0.5
2.625 6.45 0.5249999 AA9F83 0.5
3.150001 6.45 0.5249996 AA9F83 0.5
3.675 7.5 0.5249994 B7AB96 0.5
4.2 9.599999 0.5249996 945B4A 0.5
4.725 11.175 0.5249996 945B4A 0.5
5.25 12.225 0.5249996 C0B5A1 0.5
5.775001 12.225 0.5249996 C0B5A1 0.5
-2.1 6.45 0.5250003 B7AB96 0.5
5.960464E-08 9.075 0.525 A46B55 0.5
-0.525 6.45 0.5250001 B98967 0.5
0.5250001 10.125 0.5249999 A46B55 0.5
1.05 9.075 0.525 A46B55 0.5
1.575 8.549999 0.5249999 A46B55 0.5
2.1 8.025 0.5249999 A46B55 0.5
-6.825001 6.975 0.525001 AA9F83 0.5
-6.300001 6.975 1.050001 A46B55 0.5
-4.725 6.975 0.5250006 A46B55 0.5
-5.775001 6.975 1.050001 A46B55 0.5
-5.25 6.975 1.050001 A46B55 0.5
-4.725 7.5 0.5250006 A46B55 0.5
-4.2 6.975 1.050001 A46B55 0.5
-2.1 6.975 0.5250003 945B4A 0.5
-4.2 6.975 0.5250006 A46B55 0.5
-0.525 6.975 0.5250001 A46B55 0.5
1.05 6.975 1.05 A46B55 0.5
1.575 6.975 1.05 A46B55 0.5
2.625 7.5 0.5249999 A46B55 0.5
3.150001 7.5 0.5249996 A46B55 0.5
3.150001 6.975 0.5249996 B7AB96 0.5
-6.825001 7.5 0.525001 B7AB96 0.5
-6.300001 7.5 1.050001 A46B55 0.5
-5.775001 7.5 1.050001 A46B55 0.5
-5.25 7.5 1.050001 A46B55 0.5
-2.1 7.5 0.5250003 945B4A 0.5
-4.2 7.5 1.050001 A46B55 0.5
-4.2 7.5 0.5250006 A46B55 0.5
-0.525 7.5 0.5250001 A46B55 0.5
1.05 7.5 1.05 A46B55 0.5
1.575 7.5 1.05 A46B55 0.5
2.1 7.5 1.05 A46B55 0.5
2.625 11.175 0.5249999 A46B55 0.5
3.150001 10.65 0.5249996 A46B55 0.5
-6.300001 8.025 1.050001 A46B55 0.5
-4.725 8.025 0.5250006 A46B55 0.5
-5.775001 8.025 1.050001 A46B55 0.5
-5.25 8.025 1.050001 A46B55 0.5
-2.1 8.025 0.5250003 945B4A 0.5
-4.2 8.025 1.050001 A46B55 0.5
-4.2 8.025 0.5250006 A46B55 0.5
5.960464E-08 8.025 0.525 A46B55 0.5
0.5250002 8.025 1.05 A46B55 0.5
1.05 8.025 1.05 A46B55 0.5
1.575 8.025 1.05 A46B55 0.5
2.1 11.175 0.5249999 A46B55 0.5
3.675 8.025 0.5249994 945B4A 0.5
-6.825001 8.549999 0.525001 B7AB96 0.5
-4.725 8.549999 0.5250006 A46B55 0.5
-6.300001 8.549999 1.050001 A46B55 0.5
-5.775001 8.549999 1.050001 A46B55 0.5
-5.25 8.549999 1.050001 A46B55 0.5
-1.575 8.549999 0.5250003 945B4A 0.5
-4.2 8.549999 1.050001 A46B55 0.5
-3.675 8.549999 0.5250006 A46B55 0.5
5.960464E-08 8.549999 0.525 A46B55 0.5
0.5250002 8.549999 1.05 A46B55 0.5
1.05 8.549999 1.05 A46B55 0.5
3.675 10.65 0.5249994 A46B55 0.5
3.675 8.549999 0.5249994 945B4A 0.5
-6.825001 9.075 0.525001 B7AB96 0.5
-4.725 9.075 0.5250006 A46B55 0.5
-6.300001 9.075 1.050001 A46B55 0.5
-5.775001 9.075 1.050001 A46B55 0.5
-5.25 9.075 1.050001 A46B55 0.5
-1.575 9.075 0.5250003 945B4A 0.5
-4.2 9.075 1.050001 A46B55 0.5
-3.675 9.075 0.5250006 A46B55 0.5
0.5250002 9.075 1.05 A46B55 0.5
1.575 9.075 1.05 A46B55 0.5
3.150001 9.075 0.5249996 945B4A 0.5
4.2 9.075 0.5249996 945B4A 0.5
-4.725 9.599999 0.5250006 A46B55 0.5
-6.300001 9.599999 1.050001 A46B55 0.5
-5.775001 9.599999 1.050001 A46B55 0.5
-5.25 9.599999 1.050001 A46B55 0.5
-1.575 9.599999 0.5250003 945B4A 0.5
-3.675 9.599999 0.5250006 A46B55 0.5
0.5250001 9.599999 0.5249999 A46B55 0.5
5.960464E-08 9.599999 0.525 A46B55 0.5
3.150001 9.599999 0.5249996 945B4A 0.5
-4.725 10.125 0.5250006 A46B55 0.5
-5.25 10.125 1.050001 A46B55 0.5
-1.575 10.125 0.5250003 945B4A 0.5
-3.675 10.125 0.5250006 B27C60 0.5
5.960464E-08 10.125 0.525 A46B55 0.5
3.150001 10.125 0.5249996 945B4A 0.5
4.2 10.125 0.5249996 945B4A 0.5
5.960464E-08 10.65 0.525 B98967 0.5
-5.775001 10.125 0.5250006 B98967 0.5
-5.25 10.65 0.5250006 B98967 0.5
-4.725 10.65 0.5250006 B98967 0.5
-4.2 10.125 0.5250006 B98967 0.5
-3.150001 10.125 0.5250006 B98967 0.5
-2.625 10.125 0.5250003 B98967 0.5
-2.1 10.125 0.5250003 B98967 0.5
-1.05 10.65 0.5250002 B98967 0.5
-0.525 10.65 0.5250001 B98967 0.5
0.5250001 10.65 0.5249999 A46B55 0.5
2.625 10.65 0.5249999 B27C60 0.5
3.675 13.275 0.5249994 7E4D3F 0.5
4.2 12.75 0.5249996 7E4D3F 0.5
4.2 10.65 0.5249996 A46B55 0.5
1.575 11.175 0.5249999 B27C60 0.5
1.05 11.175 0.525 B98967 0.5
3.150001 11.175 0.5249996 A46B55 0.5
2.1 11.7 0.5249999 B27C60 0.5
4.725 12.225 0.5249996 7E4D3F 0.5
4.725 11.7 0.5249996 945B4A 0.5
2.625 12.225 0.5249999 B27C60 0.5
5.25 15.375 0.5249996 41321B 0.5
6.300001 12.75 0.5249991 232423 0.5
7.875001 12.225 0.5249987 343434 0.5
3.150001 12.75 0.5249996 B27C60 0.5
4.725 14.325 0.5249996 A46B55 0.5
5.25 12.75 0.5249996 CABEA9 0.5
7.875001 12.75 0.5249987 454545 0.5
3.150001 13.275 0.5249996 B27C60 0.5
4.725 13.275 0.5249996 A46B55 0.5
3.675 13.8 0.5249994 B27C60 0.5
4.2 13.8 0.5249996 A46B55 0.5
4.2 13.8 -1.050001 A46B55 0.5
6.300001 13.8 0.5249991 B98967 0.5
4.2 14.325 0.5249996 B27C60 0.5
4.725 14.325 -0.5250006 A46B55 0.5
5.25 14.325 0.5249996 5E4625 0.5
5.775001 14.325 0.5249996 B98967 0.5
4.2 14.85 0.5249996 543F21 0.5
4.725 14.85 0.5249996 B98967 0.5
4.725 14.85 -0.5250006 543F21 0.5
5.25 14.85 0.5249996 5E4625 0.5
4.2 15.375 0.5249996 543F21 0.5
4.725 15.375 0.5249996 543F21 0.5
5.25 15.375 -0.5250006 543F21 0.5
5.25 15.9 -1.050001 543F21 0.5
-7.875001 8.025 9.536743E-07 CABEA9 0.5
-7.350001 8.549999 9.536743E-07 CABEA9 0.5
-6.825001 8.025 9.536743E-07 B7AB96 0.5
-6.300001 6.45 9.536743E-07 AA9F83 0.5
-5.775001 6.45 4.768372E-07 AA9F83 0.5
-5.25 6.45 4.768372E-07 AA9F83 0.5
-4.725 6.45 4.768372E-07 AA9F83 0.5
-4.2 6.45 4.768372E-07 AA9F83 0.5
-3.675 6.45 4.768372E-07 AA9F83 0.5
-3.150001 6.45 4.768372E-07 AA9F83 0.5
-2.625 6.45 2.384186E-07 AA9F83 0.5
-2.1 5.925 2.384186E-07 AA9F83 0.5
-1.575 5.925 2.384186E-07 AA9F83 0.5
-1.05 5.925 1.192093E-07 AA9F83 0.5
-0.525 5.925 5.960464E-08 AA9F83 0.5
0 5.925 0 AA9F83 0.5
0.525 5.925 -5.960464E-08 AA9F83 0.5
1.05 5.925 -1.192093E-07 AA9F83 0.5
1.575 5.925 -2.384186E-07 AA9F83 0.5
2.1 6.45 -2.384186E-07 AA9F83 0.5
2.625 6.45 -2.384186E-07 AA9F83 0.5
3.150001 6.45 -4.768372E-07 AA9F83 0.5
3.675 7.5 -4.768372E-07 B7AB96 0.5
4.2 9.599999 -4.768372E-07 945B4A 0.5
4.725 11.175 -4.768372E-07 945B4A 0.5
5.25 12.225 -4.768372E-07 C0B5A1 0.5
5.775001 12.225 -4.768372E-07 C0B5A1 0.5
6.300001 12.225 -9.536743E-07 C0B5A1 0.5
6.825001 12.225 -9.536743E-07 C0B5A1 0.5
7.350001 11.7 -9.536743E-07 CABEA9 0.5
7.875001 12.75 -9.536743E-07 232423 0.5
-2.1 6.45 2.384186E-07 B7AB96 0.5
0 9.075 0 A46B55 0.5
-0.525 6.45 5.960464E-08 B98967 0.5
0.525 10.125 -5.960464E-08 A46B55 0.5
1.05 9.075 -1.192093E-07 A46B55 0.5
1.575 8.549999 -2.384186E-07 A46B55 0.5
2.1 8.025 -2.384186E-07 A46B55 0.5
-6.825001 6.975 9.536743E-07 AA9F83 0.5
-6.300001 9.599999 9.536743E-07 CABEA9 0.5
-4.725 6.975 4.768372E-07 A46B55 0.5
-5.775001 10.125 4.768372E-07 CABEA9 0.5
-4.725 7.5 4.768372E-07 A46B55 0.5
-2.1 6.975 2.384186E-07 945B4A 0.5
-4.2 6.975 4.768372E-07 A46B55 0.5
-0.525 6.975 5.960464E-08 A46B55 0.5
2.625 7.5 -2.384186E-07 A46B55 0.5
3.150001 7.5 -4.768372E-07 A46B55 0.5
3.150001 6.975 -4.768372E-07 B7AB96 0.5
-6.825001 7.5 9.536743E-07 B7AB96 0.5
-2.1 7.5 2.384186E-07 945B4A 0.5
-4.2 7.5 4.768372E-07 A46B55 0.5
-0.525 7.5 5.960464E-08 A46B55 0.5
2.625 11.175 -2.384186E-07 A46B55 0.5
3.150001 10.65 -4.768372E-07 A46B55 0.5
-4.725 8.025 4.768372E-07 A46B55 0.5
-2.1 8.025 2.384186E-07 945B4A 0.5
-4.2 8.025 4.768372E-07 A46B55 0.5
0 8.025 0 A46B55 0.5
2.1 11.175 -2.384186E-07 A46B55 0.5
3.675 8.025 -4.768372E-07 945B4A 0.5
-8.400001 8.549999 9.536743E-07 945B4A 0.5
-6.825001 8.549999 9.536743E-07 B7AB96 0.5
-6.825001 9.599999 9.536743E-07 CABEA9 0.5
-4.725 8.549999 4.768372E-07 A46B55 0.5
-1.575 8.549999 2.384186E-07 945B4A 0.5
-3.675 8.549999 4.768372E-07 A46B55 0.5
0 8.549999 0 A46B55 0.5
3.675 10.65 -4.768372E-07 A46B55 0.5
3.675 8.549999 -4.768372E-07 945B4A 0.5
-7.875001 9.075 9.536743E-07 945B4A 0.5
-6.825001 9.075 9.536743E-07 B7AB96 0.5
-7.350001 9.075 9.536743E-07 CABEA9 0.5
-4.725 9.075 4.768372E-07 A46B55 0.5
-1.575 9.075 2.384186E-07 945B4A 0.5
-3.675 9.075 4.768372E-07 A46B55 0.5
3.150001 9.075 -4.768372E-07 945B4A 0.5
4.2 9.075 -4.768372E-07 945B4A 0.5
-7.875001 9.599999 9.536743E-07 945B4A 0.5
-6.825001 9.599999 -1.049999 A46B55 0.5
-4.725 9.599999 4.768372E-07 A46B55 0.5
-1.575 9.599999 2.384186E-07 945B4A 0.5
-3.675 9.599999 4.768372E-07 A46B55 0.5
0.525 9.599999 -5.960464E-08 A46B55 0.5
0 9.599999 0 A46B55 0.5
3.150001 9.599999 -4.768372E-07 945B4A 0.5
-7.350001 10.125 9.536743E-07 A46B55 0.5
-6.300001 10.125 9.536743E-07 A46B55 0.5
-4.725 10.125 4.768372E-07 A46B55 0.5
-1.575 10.125 2.384186E-07 945B4A 0.5
-3.675 10.125 4.768372E-07 B27C60 0.5
0 10.125 0 A46B55 0.5
3.150001 10.125 -4.768372E-07 945B4A 0.5
4.2 10.125 -4.768372E-07 945B4A 0.5
-6.300001 10.65 9.536743E-07 A46B55 0.5
-6.825001 10.125 9.536743E-07 A46B55 0.5
0 10.65 0 B98967 0.5
-5.25 10.65 4.768372E-07 B98967 0.5
-4.725 10.65 4.768372E-07 B98967 0.5
-4.2 10.125 4.768372E-07 B98967 0.5
-3.150001 10.125 4.768372E-07 B98967 0.5
-2.625 10.125 2.384186E-07 B98967 0.5
-2.1 10.125 2.384186E-07 B98967 0.5
-1.05 10.65 1.192093E-07 B98967 0.5
-0.525 10.65 5.960464E-08 B98967 0.5
0.525 10.65 -5.960464E-08 A46B55 0.5
2.625 10.65 -2.384186E-07 B27C60 0.5
3.675 13.275 -4.768372E-07 7E4D3F 0.5
4.2 12.75 -4.768372E-07 7E4D3F 0.5
4.2 10.65 -4.768372E-07 A46B55 0.5
1.575 11.175 -2.384186E-07 B27C60 0.5
1.05 11.175 -1.192093E-07 B98967 0.5
3.150001 11.175 -4.768372E-07 A46B55 0.5
2.1 11.7 -2.384186E-07 B27C60 0.5
4.725 12.225 -4.768372E-07 7E4D3F 0.5
4.725 11.7 -4.768372E-07 945B4A 0.5
2.625 12.225 -2.384186E-07 B27C60 0.5
7.350001 12.225 -9.536743E-07 232423 0.5
6.300001 12.75 -9.536743E-07 232423 0.5
7.875001 12.225 -9.536743E-07 232423 0.5
3.150001 12.75 -4.768372E-07 B27C60 0.5
5.25 12.75 -4.768372E-07 CABEA9 0.5
3.150001 13.275 -4.768372E-07 B27C60 0.5
4.725 13.275 -4.768372E-07 A46B55 0.5
7.350001 12.75 -9.536743E-07 DACDB9 0.5
6.825001 13.275 -9.536743E-07 B98967 0.5
3.675 13.8 -4.768372E-07 B27C60 0.5
4.2 13.8 -4.768372E-07 A46B55 0.5
6.300001 13.8 -9.536743E-07 B98967 0.5
4.2 14.325 -4.768372E-07 B27C60 0.5
5.775001 14.325 -4.768372E-07 B98967 0.5
4.725 14.85 -4.768372E-07 B98967 0.5
5.25 14.325 -4.768372E-07 B98967 0.5
-6.825001 8.025 -0.5249991 B7AB96 0.5
-6.300001 6.45 -0.5249991 AA9F83 0.5
-5.775001 6.45 -0.5249996 AA9F83 0.5
-5.25 6.45 -0.5249996 AA9F83 0.5
-4.725 6.45 -0.5249996 AA9F83 0.5
-4.2 6.45 -0.5249996 AA9F83 0.5
-3.675 6.45 -0.5249994 AA9F83 0.5
-3.150001 6.45 -0.5249996 AA9F83 0.5
-2.625 6.45 -0.5249999 AA9F83 0.5
-2.1 5.925 -0.5249999 AA9F83 0.5
-1.575 5.925 -0.5249999 AA9F83 0.5
-1.05 5.925 -0.525 AA9F83 0.5
-0.5250001 5.925 -0.5249999 AA9F83 0.5
-5.960464E-08 5.925 -0.525 AA9F83 0.5
0.525 5.925 -0.5250001 AA9F83 0.5
1.05 5.925 -0.5250002 AA9F83 0.5
1.575 5.925 -0.5250003 AA9F83 0.5
2.1 6.45 -0.5250003 AA9F83 0.5
2.625 6.45 -0.5250003 AA9F83 0.5
3.150001 6.45 -0.5250006 AA9F83 0.5
3.675 7.5 -0.5250006 B7AB96 0.5
4.2 9.599999 -0.5250006 945B4A 0.5
4.725 11.175 -0.5250006 945B4A 0.5
5.25 12.225 -0.5250006 C0B5A1 0.5
5.775001 12.225 -0.5250006 C0B5A1 0.5
6.300001 12.225 -0.525001 C0B5A1 0.5
6.825001 12.225 -0.525001 CABEA9 0.5
7.350001 12.225 -0.525001 232423 0.5
-2.1 6.45 -0.5249999 B7AB96 0.5
-5.960464E-08 9.075 -0.525 A46B55 0.5
-0.5250001 6.45 -0.5249999 B98967 0.5
0.525 10.125 -0.5250001 A46B55 0.5
1.05 9.075 -0.5250002 A46B55 0.5
1.575 8.549999 -0.5250003 A46B55 0.5
2.1 8.025 -0.5250003 A46B55 0.5
-6.825001 6.975 -0.5249991 AA9F83 0.5
-4.725 6.975 -0.5249996 A46B55 0.5
-4.725 7.5 -0.5249996 A46B55 0.5
-2.1 6.975 -0.5249999 945B4A 0.5
-4.2 6.975 -0.5249996 A46B55 0.5
-0.5250001 6.975 -0.5249999 A46B55 0.5
2.625 7.5 -0.5250003 A46B55 0.5
3.150001 7.5 -0.5250006 A46B55 0.5
3.150001 6.975 -0.5250006 B7AB96 0.5
-6.825001 7.5 -0.5249991 B7AB96 0.5
-2.1 7.5 -0.5249999 945B4A 0.5
-4.2 7.5 -0.5249996 A46B55 0.5
-0.5250001 7.5 -0.5249999 A46B55 0.5
2.625 11.175 -0.5250003 A46B55 0.5
3.150001 10.65 -0.5250006 A46B55 0.5
-4.725 8.025 -0.5249996 A46B55 0.5
-2.1 8.025 -0.5249999 945B4A 0.5
-4.2 8.025 -0.5249996 A46B55 0.5
-5.960464E-08 8.025 -0.525 A46B55 0.5
2.1 11.175 -0.5250003 A46B55 0.5
3.675 8.025 -0.5250006 945B4A 0.5
-6.825001 8.549999 -0.5249991 B7AB96 0.5
-7.875001 8.549999 -0.5249987 CABEA9 0.5
-4.725 8.549999 -0.5249996 A46B55 0.5
-1.575 8.549999 -0.5249999 945B4A 0.5
-3.675 8.549999 -0.5249994 A46B55 0.5
-5.960464E-08 8.549999 -0.525 A46B55 0.5
3.675 10.65 -0.5250006 A46B55 0.5
3.675 8.549999 -0.5250006 945B4A 0.5
-6.825001 9.075 -0.5249991 B7AB96 0.5
-7.875001 9.075 -0.5249987 7E4D3F 0.5
-7.350001 9.075 -0.5249991 CABEA9 0.5
-4.725 9.075 -0.5249996 A46B55 0.5
-1.575 9.075 -0.5249999 945B4A 0.5
-3.675 9.075 -0.5249994 A46B55 0.5
3.150001 9.075 -0.5250006 945B4A 0.5
4.2 9.075 -0.5250006 945B4A 0.5
-6.825001 9.599999 -0.5249991 A46B55 0.5
-7.350001 9.599999 -0.5249991 CABEA9 0.5
-4.725 9.599999 -0.5249996 A46B55 0.5
-1.575 9.599999 -0.5249999 945B4A 0.5
-3.675 9.599999 -0.5249994 A46B55 0.5
0.525 9.599999 -0.5250001 A46B55 0.5
-5.960464E-08 9.599999 -0.525 A46B55 0.5
3.150001 9.599999 -0.5250006 945B4A 0.5
-6.300001 10.125 -0.5249991 A46B55 0.5
-6.825001 10.125 -0.5249991 945B4A 0.5
-4.725 10.125 -0.5249996 A46B55 0.5
-1.575 10.125 -0.5249999 945B4A 0.5
-3.675 10.125 -0.5249994 B27C60 0.5
-5.960464E-08 10.125 -0.525 A46B55 0.5
3.150001 10.125 -0.5250006 945B4A 0.5
4.2 10.125 -0.5250006 945B4A 0.5
-5.960464E-08 10.65 -0.525 B98967 0.5
-5.775001 10.125 -0.5249996 B98967 0.5
-5.25 10.65 -0.5249996 B98967 0.5
-4.725 10.65 -0.5249996 B98967 0.5
-4.2 10.125 -0.5249996 B98967 0.5
-3.150001 10.125 -0.5249996 B98967 0.5
-2.625 10.125 -0.5249999 B98967 0.5
-2.1 10.125 -0.5249999 B98967 0.5
-1.05 10.65 -0.525 B98967 0.5
-0.5250001 10.65 -0.5249999 B98967 0.5
0.525 10.65 -0.5250001 A46B55 0.5
2.625 10.65 -0.5250003 B27C60 0.5
3.675 13.275 -0.5250006 7E4D3F 0.5
4.2 12.75 -0.5250006 7E4D3F 0.5
4.2 10.65 -0.5250006 A46B55 0.5
1.575 11.175 -0.5250003 B27C60 0.5
1.05 11.175 -0.5250002 B98967 0.5
3.150001 11.175 -0.5250006 A46B55 0.5
2.1 11.7 -0.5250003 B27C60 0.5
4.725 12.225 -0.5250006 7E4D3F 0.5
4.725 11.7 -0.5250006 945B4A 0.5
2.625 12.225 -0.5250003 B27C60 0.5
6.300001 12.75 -0.525001 232423 0.5
7.875001 12.225 -0.525001 343434 0.5
3.150001 12.75 -0.5250006 B27C60 0.5
5.25 12.75 -0.5250006 CABEA9 0.5
7.875001 12.75 -0.525001 454545 0.5
3.150001 13.275 -0.5250006 B27C60 0.5
4.725 13.275 -0.5250006 A46B55 0.5
7.350001 12.75 -0.525001 DACDB9 0.5
6.825001 13.275 -0.525001 B98967 0.5
3.675 13.8 -0.5250006 B27C60 0.5
4.2 13.8 -0.5250006 A46B55 0.5
6.300001 13.8 -0.525001 B98967 0.5
5.25 14.325 -0.5250006 5E4625 0.5
5.775001 14.325 -0.5250006 B98967 0.5
4.2 14.85 -0.5250006 543F21 0.5
5.25 14.85 -0.5250006 5E4625 0.5
4.725 15.375 -0.5250006 543F21 0.5
-6.825001 6.975 -1.049999 945B4A 0.5
-3.675001 6.45 -1.049999 AA9F83 0.5
-3.150001 6.45 -1.05 AA9F83 0.5
-2.625 6.45 -1.05 AA9F83 0.5
-2.1 5.925 -1.05 AA9F83 0.5
-1.575 5.925 -1.05 AA9F83 0.5
-1.05 5.925 -1.05 AA9F83 0.5
-0.5250002 5.925 -1.05 AA9F83 0.5
-1.192093E-07 5.925 -1.05 AA9F83 0.5
0.5249999 5.925 -1.05 AA9F83 0.5
2.625 6.45 -1.05 C0B5A1 0.5
3.150001 6.975 -1.050001 C0B5A1 0.5
3.675 7.5 -1.05 B7AB96 0.5
4.2 9.599999 -1.050001 945B4A 0.5
4.725 12.75 -1.050001 945B4A 0.5
5.25 12.225 -1.050001 945B4A 0.5
5.775001 13.275 -1.050001 A46B55 0.5
-6.300001 5.4 -1.049999 7E4D3F 0.5
2.1 5.925 -1.05 945B4A 0.5
-2.1 6.45 -1.05 B7AB96 0.5
0.5249999 6.45 -1.05 945B4A 0.5
-1.192093E-07 8.549999 -1.05 945B4A 0.5
-0.5250002 6.45 -1.05 B98967 0.5
-2.1 6.975 -1.05 945B4A 0.5
-3.675001 6.975 -1.049999 945B4A 0.5
-0.5250002 6.975 -1.05 A46B55 0.5
0.5249999 10.125 -1.05 A46B55 0.5
2.625 7.5 -1.05 A46B55 0.5
3.150001 7.5 -1.050001 A46B55 0.5
-2.1 7.5 -1.05 945B4A 0.5
-3.675001 7.5 -1.049999 945B4A 0.5
-0.5250002 7.5 -1.05 A46B55 0.5
2.625 11.175 -1.05 A46B55 0.5
3.150001 10.65 -1.050001 A46B55 0.5
-7.350001 8.025 -1.049999 945B4A 0.5
-2.1 8.025 -1.05 945B4A 0.5
-3.675001 8.025 -1.049999 945B4A 0.5
-1.192093E-07 8.025 -1.05 945B4A 0.5
2.1 11.175 -1.05 A46B55 0.5
2.625 8.025 -1.05 A46B55 0.5
3.675 8.025 -1.05 945B4A 0.5
-7.350001 8.549999 -1.049999 945B4A 0.5
-1.575 8.549999 -1.05 945B4A 0.5
-3.675001 8.549999 -1.049999 945B4A 0.5
-1.192093E-07 9.075 -1.05 A46B55 0.5
3.675 10.65 -1.05 A46B55 0.5
3.675 8.549999 -1.05 945B4A 0.5
-7.350001 9.075 -1.049999 945B4A 0.5
-1.575 9.075 -1.05 945B4A 0.5
-3.675001 9.075 -1.049999 945B4A 0.5
3.150001 9.075 -1.050001 945B4A 0.5
4.2 9.075 -1.050001 945B4A 0.5
-1.575 9.599999 -1.05 945B4A 0.5
-3.675001 9.599999 -1.049999 A46B55 0.5
-1.192093E-07 9.599999 -1.05 A46B55 0.5
1.575 9.599999 -1.05 B98967 0.5
3.150001 9.599999 -1.050001 945B4A 0.5
-6.300001 10.125 -1.049999 A46B55 0.5
-1.575 10.125 -1.05 945B4A 0.5
-4.2 10.125 -1.05 A46B55 0.5
-3.675001 10.125 -1.049999 B27C60 0.5
-1.192093E-07 10.125 -1.05 A46B55 0.5
3.150001 10.125 -1.050001 945B4A 0.5
4.2 10.125 -1.050001 945B4A 0.5
-1.192093E-07 10.65 -1.05 B98967 0.5
-5.25 10.65 -1.05 B98967 0.5
-4.725 10.65 -1.05 B98967 0.5
-3.150001 10.125 -1.05 B98967 0.5
-2.625 10.125 -1.05 B98967 0.5
-2.1 10.125 -1.05 B98967 0.5
-1.05 10.65 -1.05 B98967 0.5
-0.5250002 10.65 -1.05 B98967 0.5
0.5249999 10.65 -1.05 A46B55 0.5
2.625 10.65 -1.05 B27C60 0.5
3.675 13.8 -1.05 945B4A 0.5
4.2 13.275 -1.050001 945B4A 0.5
4.2 10.65 -1.050001 A46B55 0.5
1.575 11.175 -1.05 B27C60 0.5
1.05 11.175 -1.05 B98967 0.5
2.625 11.7 -1.05 A46B55 0.5
3.150001 11.175 -1.050001 A46B55 0.5
3.675 11.175 -1.05 A46B55 0.5
4.2 11.175 -1.050001 A46B55 0.5
2.1 11.7 -1.05 B27C60 0.5
3.150001 11.7 -1.050001 A46B55 0.5
3.675 11.7 -1.05 A46B55 0.5
4.2 11.7 -1.050001 A46B55 0.5
4.725 11.7 -1.050001 A46B55 0.5
2.625 12.225 -1.05 A46B55 0.5
3.150001 12.225 -1.050001 A46B55 0.5
3.675 12.225 -1.05 A46B55 0.5
4.2 12.225 -1.050001 A46B55 0.5
4.725 12.225 -1.050001 A46B55 0.5
5.775001 12.225 -1.050001 CABEA9 0.5
3.150001 12.75 -1.050001 A46B55 0.5
3.675 12.75 -1.05 A46B55 0.5
4.2 12.75 -1.050001 A46B55 0.5
4.725 14.325 -1.050001 C0B5A1 0.5
5.775001 12.75 -1.050001 A46B55 0.5
6.300001 12.75 -1.050001 A46B55 0.5
6.825001 12.75 -0.525001 CABEA9 0.5
3.675 13.275 -1.05 A46B55 0.5
4.725 13.275 -1.050001 A46B55 0.5
6.300001 13.275 -1.050001 A46B55 0.5
6.300001 13.8 -1.050001 A46B55 0.5
5.775001 13.8 -1.050001 A46B55 0.5
3.675 14.325 -1.05 945B4A 0.5
4.2 14.325 -1.050001 B27C60 0.5
4.725 14.85 -1.050001 543F21 0.5
5.775001 14.325 -1.050001 B98967 0.5
5.25 14.325 -1.050001 B98967 0.5
4.2 15.375 -1.050001 41321B 0.5
4.725 15.375 -1.050001 684E29 0.5
5.25 15.375 -1.050001 543F21 0.5
-6.825001 6.975 -1.574999 945B4A 0.5
-6.300001 3.3 -1.574999 623D33 0.5
-5.775001 0.15 -1.575 121110 0.5
-5.250001 0.15 -1.575 121110 0.5
-4.725 4.875 -1.575 7E4D3F 0.5
-4.200001 5.925 -1.575 7E4D3F 0.5
-1.575001 5.925 -1.575 AA9F83 0.5
-1.05 5.925 -1.575 C0B5A1 0.5
-0.5250003 6.45 -1.575 C0B5A1 0.5
-2.384186E-07 6.45 -1.575 C0B5A1 0.5
0.5249998 6.45 -1.575 C0B5A1 0.5
1.05 0.15 -1.575 121110 0.5
1.575 0.15 -1.575001 121110 0.5
2.1 6.45 -1.575001 945B4A 0.5
3.675 15.9 -1.575001 41321B 0.5
4.2 14.85 -1.575001 343434 0.5
4.725 16.95 -1.575001 41321B 0.5
-5.775001 0.675 -1.575 4A2E28 0.5
-5.775001 1.725 -1.575 4A2E28 0.5
-5.250001 4.35 -1.575 7E4D3F 0.5
1.05 0.675 -1.575 4A2E28 0.5
-4.725 0.675 -1.575 2C2B29 0.5
1.05 1.725 -1.575 4A2E28 0.5
1.575 0.675 -1.575001 2C2B29 0.5
-5.775001 1.2 -1.575 4A2E28 0.5
1.05 1.2 -1.575 4A2E28 0.5
-5.250001 1.2 -1.575 4A2E28 0.5
1.575 3.825 -1.575001 623D33 0.5
1.575 1.2 -1.575001 4A2E28 0.5
-5.250001 1.725 -1.575 4A2E28 0.5
1.05 3.825 -1.575 623D33 0.5
1.575 1.725 -1.575001 4A2E28 0.5
-6.300001 2.25 -1.574999 623D33 0.5
-5.775001 3.825 -1.575 623D33 0.5
1.05 2.25 -1.575 623D33 0.5
-5.250001 2.25 -1.575 623D33 0.5
1.575 2.25 -1.575001 623D33 0.5
-6.300001 2.775 -1.574999 623D33 0.5
1.05 2.775 -1.575 623D33 0.5
-5.775001 2.775 -1.575 623D33 0.5
1.575 2.775 -1.575001 623D33 0.5
-6.300001 3.825 -1.574999 623D33 0.5
1.05 3.3 -1.575 623D33 0.5
-5.775001 3.3 -1.575 623D33 0.5
1.575 3.3 -1.575001 623D33 0.5
-6.300001 4.35 -1.574999 7E4D3F 0.5
-6.300001 6.45 -1.574999 945B4A 0.5
1.05 4.35 -1.575 7E4D3F 0.5
-5.775001 5.925 -1.575 7E4D3F 0.5
1.05 5.925 -1.575 7E4D3F 0.5
1.575 5.925 -1.575001 7E4D3F 0.5
1.575 4.35 -1.575001 7E4D3F 0.5
-6.300001 4.875 -1.574999 7E4D3F 0.5
1.05 4.875 -1.575 7E4D3F 0.5
-5.250001 5.925 -1.575 7E4D3F 0.5
1.575 4.875 -1.575001 7E4D3F 0.5
-6.300001 5.4 -1.574999 7E4D3F 0.5
1.05 5.4 -1.575 7E4D3F 0.5
-4.725 5.925 -1.575 7E4D3F 0.5
-4.725 5.4 -1.575 7E4D3F 0.5
1.575 5.4 -1.575001 7E4D3F 0.5
-5.775001 6.45 -1.575 AA9F83 0.5
0.5249998 5.925 -1.575 945B4A 0.5
-5.250001 6.45 -1.575 AA9F83 0.5
-4.725 6.45 -1.575 AA9F83 0.5
-4.200001 6.45 -1.575 AA9F83 0.5
1.05 6.975 -1.575 C0B5A1 0.5
2.1 5.925 -1.575001 945B4A 0.5
-6.300001 8.025 -1.574999 A46B55 0.5
-2.1 6.45 -1.575 C0B5A1 0.5
-3.675001 6.45 -1.575 C0B5A1 0.5
-3.150001 6.45 -1.575 C0B5A1 0.5
-2.625 6.45 -1.575 C0B5A1 0.5
-1.575001 6.45 -1.575 C0B5A1 0.5
-1.05 6.45 -1.575 B98967 0.5
-6.300001 6.975 -1.574999 A46B55 0.5
-2.1 6.975 -1.575 A46B55 0.5
-4.200001 6.975 -1.575 A46B55 0.5
-3.675001 6.975 -1.575 A46B55 0.5
-3.150001 6.975 -1.575 A46B55 0.5
-2.625 6.975 -1.575 A46B55 0.5
-1.575001 6.975 -1.575 A46B55 0.5
0.5249998 6.975 -1.575 945B4A 0.5
-1.05 6.975 -1.575 A46B55 0.5
-0.5250003 6.975 -1.575 A46B55 0.5
-2.384186E-07 8.549999 -1.575 945B4A 0.5
1.575 6.975 -1.575001 C0B5A1 0.5
2.1 6.975 -1.575001 C0B5A1 0.5
2.625 6.975 -1.575001 C0B5A1 0.5
-6.825001 7.5 -1.574999 945B4A 0.5
-6.300001 7.5 -1.574999 A46B55 0.5
-2.1 7.5 -1.575 A46B55 0.5
-4.725 7.5 -1.575 A46B55 0.5
-4.200001 7.5 -1.575 A46B55 0.5
-3.675001 7.5 -1.575 A46B55 0.5
-3.150001 7.5 -1.575 A46B55 0.5
-2.625 7.5 -1.575 A46B55 0.5
-1.575001 7.5 -1.575 A46B55 0.5
0.5249998 7.5 -1.575 945B4A 0.5
-1.05 7.5 -1.575 A46B55 0.5
-0.5250003 7.5 -1.575 A46B55 0.5
1.05 7.5 -1.575 A46B55 0.5
1.575 7.5 -1.575001 A46B55 0.5
2.1 7.5 -1.575001 A46B55 0.5
2.625 7.5 -1.575001 A46B55 0.5
3.15 7.5 -1.575001 A46B55 0.5
-7.350001 8.025 -1.574999 945B4A 0.5
-1.575001 8.025 -1.575 A46B55 0.5
-4.725 8.025 -1.575 A46B55 0.5
-4.200001 8.025 -1.575 A46B55 0.5
-3.675001 8.025 -1.575 A46B55 0.5
-3.150001 8.025 -1.575 A46B55 0.5
-2.625 8.025 -1.575 A46B55 0.5
-2.1 8.025 -1.575 A46B55 0.5
-2.384186E-07 8.025 -1.575 945B4A 0.5
-1.05 8.025 -1.575 A46B55 0.5
-0.5250003 8.025 -1.575 A46B55 0.5
1.05 8.025 -1.575 A46B55 0.5
1.575 8.025 -1.575001 A46B55 0.5
2.1 8.025 -1.575001 A46B55 0.5
2.625 8.025 -1.575001 A46B55 0.5
3.15 8.025 -1.575001 A46B55 0.5
-7.350001 8.549999 -1.574999 945B4A 0.5
-6.300001 8.549999 -1.574999 A46B55 0.5
-1.575001 8.549999 -1.575 A46B55 0.5
-4.725 8.549999 -1.575 A46B55 0.5
-4.200001 8.549999 -1.575 A46B55 0.5
-3.675001 8.549999 -1.575 A46B55 0.5
-3.150001 8.549999 -1.575 A46B55 0.5
-2.625 8.549999 -1.575 A46B55 0.5
-2.1 8.549999 -1.575 A46B55 0.5
-1.05 8.549999 -1.575 A46B55 0.5
-0.5250003 8.549999 -1.575 A46B55 0.5
1.05 8.549999 -1.575 A46B55 0.5
0.5249998 8.549999 -1.575 A46B55 0.5
1.575 8.549999 -1.575001 A46B55 0.5
2.1 8.549999 -1.575001 A46B55 0.5
2.625 8.549999 -1.575001 A46B55 0.5
3.15 8.549999 -1.575001 A46B55 0.5
-7.350001 9.075 -1.574999 945B4A 0.5
-6.300001 9.075 -1.574999 A46B55 0.5
-1.575001 9.075 -1.575 A46B55 0.5
-4.725 9.075 -1.575 A46B55 0.5
-4.200001 9.075 -1.575 A46B55 0.5
-3.675001 9.075 -1.575 A46B55 0.5
-3.150001 9.075 -1.575 A46B55 0.5
-2.625 9.075 -1.575 A46B55 0.5
-2.1 9.075 -1.575 A46B55 0.5
-2.384186E-07 9.075 -1.575 A46B55 0.5
-1.05 9.075 -1.575 A46B55 0.5
-0.5250003 9.075 -1.575 A46B55 0.5
1.05 9.075 -1.575 A46B55 0.5
0.5249998 9.075 -1.575 A46B55 0.5
1.575 9.075 -1.575001 A46B55 0.5
2.1 9.075 -1.575001 A46B55 0.5
2.625 9.075 -1.575001 A46B55 0.5
3.15 9.075 -1.575001 A46B55 0.5
3.675 9.075 -1.05 A46B55 0.5
-6.825001 9.599999 -1.574999 A46B55 0.5
-6.300001 9.599999 -1.574999 A46B55 0.5
-1.575001 9.599999 -1.575 A46B55 0.5
-4.725 9.599999 -1.575 A46B55 0.5
-4.200001 9.599999 -1.575 A46B55 0.5
-3.675001 9.599999 -1.575 A46B55 0.5
-3.150001 9.599999 -1.575 A46B55 0.5
-2.625 9.599999 -1.575 A46B55 0.5
-2.1 9.599999 -1.575 A46B55 0.5
0.5249998 9.599999 -1.575 A46B55 0.5
-1.05 9.599999 -1.575 A46B55 0.5
-0.5250003 9.599999 -1.575 A46B55 0.5
-2.384186E-07 9.599999 -1.575 A46B55 0.5
1.05 9.599999 -1.575 A46B55 0.5
1.575 9.599999 -1.575001 B98967 0.5
2.1 9.599999 -1.575001 A46B55 0.5
2.625 9.599999 -1.575001 A46B55 0.5
3.15 9.599999 -1.575001 A46B55 0.5
3.675 9.599999 -1.05 A46B55 0.5
-6.300001 10.125 -1.574999 A46B55 0.5
-1.575001 10.125 -1.575 945B4A 0.5
-4.725 10.125 -1.575 A46B55 0.5
-4.200001 10.125 -1.575 A46B55 0.5
-3.675001 10.125 -1.575 A46B55 0.5
-3.150001 10.125 -1.575 A46B55 0.5
-2.625 10.125 -1.575 A46B55 0.5
-2.1 10.125 -1.575 A46B55 0.5
-1.05 10.125 -1.575 A46B55 0.5
-0.5250003 10.125 -1.575 A46B55 0.5
0.5249998 10.125 -1.575 A46B55 0.5
1.05 10.125 -1.575 A46B55 0.5
1.575 10.125 -1.575001 A46B55 0.5
2.1 10.125 -1.575001 A46B55 0.5
2.625 10.125 -1.575001 A46B55 0.5
3.675 10.125 -1.05 A46B55 0.5
-5.775001 10.125 -1.575 B98967 0.5
-5.250001 10.65 -1.575 B98967 0.5
-4.725 10.65 -1.575 B98967 0.5
-1.05 10.65 -1.575 B98967 0.5
-0.5250003 10.65 -1.575 B98967 0.5
-2.384186E-07 10.65 -1.575 A46B55 0.5
0.5249998 10.65 -1.575 A46B55 0.5
1.05 10.65 -1.575 A46B55 0.5
1.575 10.65 -1.575001 A46B55 0.5
2.1 10.65 -1.575001 A46B55 0.5
2.625 10.65 -1.575001 A46B55 0.5
5.25 12.75 -1.050001 A46B55 0.5
5.25 13.275 -1.050001 A46B55 0.5
4.725 13.8 -1.050001 A46B55 0.5
5.25 13.8 -1.050001 623D33 0.5
3.675 14.85 -1.575001 945B4A 0.5
4.2 15.9 -1.575001 543F21 0.5
4.2 15.375 -1.575001 B98967 0.5
3.675 16.425 -1.575001 684E29 0.5
4.2 16.425 -1.575001 41321B 0.5
-6.825001 6.975 -2.099999 945B4A 0.5
-6.300001 6.45 -2.099999 945B4A 0.5
-5.775001 5.925 -2.099999 7E4D3F 0.5
-5.250001 0.15 -2.1 121110 0.5
-4.725 5.925 -2.099999 7E4D3F 0.5
-4.200001 5.925 -2.1 7E4D3F 0.5
-2.384186E-07 8.549999 -2.1 945B4A 0.5
0.5249998 6.45 -2.1 945B4A 0.5
1.05 6.45 -2.1 A46B55 0.5
1.575 6.45 -2.1 A46B55 0.5
2.1 6.45 -2.1 A46B55 0.5
3.675 16.95 -2.100001 543F21 0.5
-5.775001 0.675 -2.099999 623D33 0.5
-5.250001 5.925 -2.1 7E4D3F 0.5
-5.250001 0.675 -2.1 393937 0.5
1.05 0.675 -2.1 623D33 0.5
1.575 0.675 -2.1 393937 0.5
-5.775001 1.2 -2.099999 623D33 0.5
-5.775001 1.725 -2.099999 623D33 0.5
-5.775001 2.25 -2.099999 7E4D3F 0.5
1.05 2.25 -2.1 7E4D3F 0.5
-5.775001 2.775 -2.099999 7E4D3F 0.5
1.05 2.775 -2.1 7E4D3F 0.5
-6.300001 3.3 -2.099999 7E4D3F 0.5
-5.775001 3.3 -2.099999 7E4D3F 0.5
1.05 3.3 -2.1 7E4D3F 0.5
-6.300001 3.825 -2.099999 7E4D3F 0.5
-5.775001 3.825 -2.099999 7E4D3F 0.5
1.05 3.825 -2.1 7E4D3F 0.5
-6.300001 4.35 -2.099999 945B4A 0.5
-5.775001 4.35 -2.099999 945B4A 0.5
1.05 4.35 -2.1 945B4A 0.5
1.575 4.35 -2.1 945B4A 0.5
-6.300001 4.875 -2.099999 945B4A 0.5
-5.775001 4.875 -2.099999 945B4A 0.5
-5.250001 4.875 -2.1 945B4A 0.5
1.05 4.875 -2.1 945B4A 0.5
1.575 4.875 -2.1 945B4A 0.5
-5.775001 5.4 -2.099999 945B4A 0.5
-5.250001 5.4 -2.1 945B4A 0.5
-4.725 5.4 -2.099999 945B4A 0.5
1.05 5.4 -2.1 945B4A 0.5
1.575 5.4 -2.1 945B4A 0.5
1.05 5.925 -2.1 A46B55 0.5
1.575 5.925 -2.1 A46B55 0.5
-3.675001 6.45 -2.1 945B4A 0.5
0.5249998 6.975 -2.1 945B4A 0.5
-5.775001 6.975 -1.575 A46B55 0.5
-5.250001 6.975 -1.575 A46B55 0.5
-4.725 6.975 -1.575 A46B55 0.5
-3.675001 6.975 -2.1 945B4A 0.5
-2.384186E-07 6.975 -1.575 A46B55 0.5
2.1 6.975 -2.1 945B4A 0.5
-6.825001 7.5 -2.099999 945B4A 0.5
0.5249998 7.5 -2.1 945B4A 0.5
-5.775001 7.5 -1.575 A46B55 0.5
-5.250001 7.5 -1.575 A46B55 0.5
-3.675001 7.5 -2.1 945B4A 0.5
-2.384186E-07 7.5 -1.575 A46B55 0.5
2.625 7.5 -2.1 945B4A 0.5
-7.350001 8.025 -2.099999 945B4A 0.5
-2.384186E-07 8.025 -2.1 945B4A 0.5
-5.775001 8.025 -1.575 A46B55 0.5
-5.250001 8.025 -1.575 A46B55 0.5
-3.675001 8.025 -2.1 945B4A 0.5
0.5249998 8.025 -1.575 A46B55 0.5
2.625 8.025 -2.1 A46B55 0.5
-7.350001 8.549999 -2.099999 945B4A 0.5
-5.775001 8.549999 -1.575 A46B55 0.5
-5.250001 8.549999 -1.575 A46B55 0.5
-3.675001 8.549999 -2.1 945B4A 0.5
2.1 8.549999 -2.1 B27C60 0.5
-7.350001 9.075 -2.099999 945B4A 0.5
-5.775001 9.075 -1.575 A46B55 0.5
-5.250001 9.075 -1.575 A46B55 0.5
-3.675001 9.075 -2.1 945B4A 0.5
0.5249998 9.075 -2.1 B27C60 0.5
1.05 8.549999 -2.1 B27C60 0.5
1.05 9.075 -2.1 B27C60 0.5
1.575 8.549999 -2.1 B27C60 0.5
1.575 9.075 -2.1 B27C60 0.5
2.1 9.075 -2.1 B27C60 0.5
-6.825001 9.599999 -2.099999 B27C60 0.5
-6.300001 9.599999 -2.099999 B27C60 0.5
-5.775001 9.075 -2.099999 B27C60 0.5
-5.775001 9.599999 -2.099999 B27C60 0.5
-5.250001 9.075 -2.1 B27C60 0.5
-5.250001 9.599999 -2.1 B27C60 0.5
-4.725 9.075 -2.099999 B27C60 0.5
-4.725 9.599999 -2.099999 B27C60 0.5
-4.200001 9.075 -2.1 B27C60 0.5
-4.200001 9.599999 -2.1 B27C60 0.5
0.5249998 9.599999 -2.1 B27C60 0.5
1.05 9.599999 -2.1 B27C60 0.5
-5.775001 10.125 -2.099999 B27C60 0.5
-5.250001 10.125 -2.1 B27C60 0.5
-4.725 10.125 -2.099999 B27C60 0.5
-2.384186E-07 10.125 -1.575 A46B55 0.5
3.675 16.425 -2.100001 543F21 0.5
4.2 16.95 -2.100001 684E29 0.5
3.675 17.475 -2.100001 684E29 0.5
3.675 18.525 -2.625001 543F21 0.5
-5.775001 6.45 -2.099999 A46B55 0.5
-5.250001 6.45 -2.1 A46B55 0.5
-4.725 6.45 -2.099999 A46B55 0.5
-4.200001 6.45 -2.1 A46B55 0.5
-6.300001 6.975 -2.099999 A46B55 0.5
-5.775001 6.975 -2.099999 A46B55 0.5
-5.250001 6.975 -2.1 A46B55 0.5
-4.725 6.975 -2.099999 A46B55 0.5
-4.200001 6.975 -2.1 A46B55 0.5
1.05 6.975 -2.1 A46B55 0.5
1.575 6.975 -2.1 A46B55 0.5
-6.300001 7.5 -2.099999 A46B55 0.5
-5.775001 7.5 -2.099999 A46B55 0.5
-5.250001 7.5 -2.1 A46B55 0.5
-4.725 7.5 -2.099999 A46B55 0.5
-4.200001 7.5 -2.1 A46B55 0.5
1.05 7.5 -2.1 A46B55 0.5
1.575 7.5 -2.1 A46B55 0.5
2.1 7.5 -2.1 A46B55 0.5
-6.825001 8.025 -2.099999 A46B55 0.5
-6.300001 8.025 -2.099999 A46B55 0.5
-5.775001 8.025 -2.099999 A46B55 0.5
-5.250001 8.025 -2.1 A46B55 0.5
-4.725 8.025 -2.099999 A46B55 0.5
-4.200001 8.025 -2.1 A46B55 0.5
0.5249998 8.025 -2.1 A46B55 0.5
1.05 8.025 -2.1 A46B55 0.5
1.575 8.025 -2.1 B27C60 0.5
2.1 8.025 -2.1 B27C60 0.5
-6.825001 8.549999 -2.099999 A46B55 0.5
-6.300001 8.549999 -2.099999 A46B55 0.5
-5.775001 8.549999 -2.099999 A46B55 0.5
-5.250001 8.549999 -2.1 A46B55 0.5
-4.725 8.549999 -2.099999 A46B55 0.5
-4.200001 8.549999 -2.1 A46B55 0.5
0.5249998 8.549999 -2.1 B27C60 0.5
-6.825001 9.075 -2.099999 A46B55 0.5
-6.300001 9.075 -2.099999 A46B55 0.5
3.675 18 -2.625001 543F21 0.5
